data/out.txt
ncols 202
nrows 210
xllcenter 633644
yllcenter 633644
cellsize 50
nodata_value 3,40282e+038
[rows 140 to 167 of 210, columns 63 to 125 of 202]
104,16 104,047 102,5 97,8647 87,3001 72,1791 81,9003 84,9355 86,9378 88,3513 89,4442 90,2854 90,8295 91,0562 90,7601 90,0675 89,2809 88,6177 88,1806 87,9741 88,0096 88,2267 88,6074 89,1466 89,971 91,0434 92,2205 93,3965 94,324 94,751 94,4861 93,4499 91,7963 90,3922 92,4394 104,428 124,68 145,699 163,181 174,724 179,825 180,037 177,589 174,112 170,53 166,829 167,051 168,32 170,157 172,693 176,121 180,558 186,069 192,766 201,633 213,53 192,427 184,348 180,266 178,256 178,016 179,657 183,544
113,774 115,049 115,684 113,544 103,261 83,8272 93,4767 94,8206 95,7126 96,4157 97,1184 97,8388 98,3995 98,6491 98,3347 97,6215 96,8 96,0686 95,7949 95,708 95,8862 96,3331 97,022 97,953 99,1884 100,737 102,47 104,334 106,158 107,773 109,111 110,201 111,356 113,646 119,115 129,682 144,358 159,873 172,797 181,085 184,444 183,942 181,134 177,482 173,92 171,279 170,246 170,703 172,231 174,767 178,384 183,068 188,701 195,199 202,099 205,207 195,133 185,961 179,445 174,994 172,108 170,411 169,073
122,46 125,346 129,059 136,559 138,411 117,179 110,03 107,015 105,713 105,218 105,257 105,7 106,236 106,523 106,148 105,308 104,456 103,777 103,51 103,568 103,975 104,717 105,742 107,061 108,73 110,799 113,291 116,05 119,014 122,118 125,347 128,704 132,408 137,106 143,827 153,155 164,546 176,233 185,428 190,146 190,653 188,38 184,594 180,363 176,528 173,623 172,077 171,965 173,167 175,559 179,031 183,412 188,325 193,224 196,778 196,194 190,39 182,455 174,988 168,692 163,286 158,193 151,97
129,242 133,045 138,187 149,216 155,499 132,186 123,383 118,102 115,133 113,605 113,039 113,188 113,824 114,392 113,917 112,789 111,866 111,299 111,084 111,338 112,035 113,142 114,57 116,348 118,541 121,195 124,52 128,247 132,461 137,142 142,24 147,686 153,456 159,604 166,477 174,396 183,54 193,041 199,881 200,462 197,248 192,637 187,521 182,433 177,991 174,632 172,647 172,157 173,075 175,295 178,539 182,398 186,356 189,633 191,064 189,167 183,757 176,264 168,192 160,472 153,19 146,05 138,359
133,817 137,468 141,865 145,188 143,937 138,021 131,471 126,306 122,808 120,731 119,779 119,749 120,502 123,054 121,583 119,599 118,735 118,403 118,485 119,023 120,052 121,498 123,344 125,636 128,49 131,885 135,858 140,521 145,894 152,001 158,809 166,205 173,778 180,814 187 192,875 199,579 207,312 216,901 209,166 202,36 195,646 189,182 183,235 178,208 174,491 172,238 171,429 172,112 174,273 177,413 180,86 183,979 186,037 186,032 183,055 177,265 169,486 160,658 151,686 143,134 135,271 128,359
136,517 139,526 142,691 144,487 143,417 140,095 135,799 131,674 128,446 126,305 125,184 124,979 125,52 126,407 126,117 125,302 124,916 125,054 125,623 126,562 127,944 129,748 131,948 134,579 138,181 142,245 146,916 152,351 158,65 165,9 174,151 183,371 192,91 200,776 205,208 207,953 211,144 214,873 216,677 211,754 204,276 196,527 189,129 182,579 177,325 173,496 171,165 170,104 170,5 172,871 176,214 179,492 182,07 183,224 182,157 178,271 171,816 163,366 153,595 143,358 133,684 125,631 120,274
137,858 140,358 142,623 143,645 142,842 140,785 137,998 134,943 132,274 130,338 129,217 128,867 129,129 129,628 129,882 129,981 130,328 131,13 132,321 133,829 135,646 137,867 140,436 143,271 147,549 152,118 157,283 163,263 170,174 178,137 187,311 197,877 209,775 223,848 220,22 218,939 218,372 217,886 215,792 210,692 203,389 195,32 187,472 180,633 175,387 171,874 169,853 168,886 167,924 171,799 175,664 178,933 181,183 181,676 179,822 175,209 168,051 158,822 148,039 136,423 125,295 116,641 112,823
138,152 140,471 142,349 142,99 142,269 140,831 139,01 136,792 134,683 133,047 132,039 131,669 131,849 132,417 133,157 133,973 135,065 136,56 138,42 140,58 142,974 145,674 148,788 152,406 156,631 161,428 166,824 173,008 180,089 188,192 197,483 208,039 219,856 235,455 228,104 224,777 221,811 218,66 214,432 208,503 201,078 192,831 184,592 177,469 172,449 169,763 168,782 168,81 169,876 172,775 176,37 179,554 181,576 181,745 179,372 174,207 166,498 156,671 145,072 132,168 118,995 108,14 105,346
137,478 139,85 141,757 142,449 141,811 140,57 139,246 137,613 135,961 134,615 133,763 133,474 133,728 134,495 135,735 137,236 139,062 141,276 143,881 146,77 149,864 153,127 156,74 160,753 165,17 170,027 175,411 181,465 188,28 195,915 204,358 213,364 222,066 227,902 228,436 225,894 222,246 217,885 212,591 206,115 198,502 189,962 181,13 173,35 168,625 167,472 168,215 169,755 171,929 174,909 178,3 181,338 183,365 183,619 181,092 175,469 167,397 157,426 145,725 132,442 117,696 92,9966 80,5923
136,079 138,519 140,557 141,446 141,108 140,065 138,957 137,59 136,257 135,157 134,476 134,329 134,765 135,832 137,54 139,684 142,276 145,303 148,725 152,413 156,277 160,243 164,285 168,52 173,015 177,763 182,864 188,449 194,59 201,296 208,397 215,47 221,642 225,457 226,143 224,288 220,853 216,33 210,796 204,217 196,537 187,834 178,377 167,178 161,157 165,986 168,749 171,638 174,655 177,828 181,08 184,009 186,214 187,495 185,967 178,733 170,572 161,149 150,548 138,779 125,952 106,087 98,1439
134,264 136,779 138,885 139,926 139,826 138,968 138,102 136,902 135,651 134,646 134,115 134,141 134,803 136,201 138,355 141,145 144,515 148,407 152,758 157,384 162,1 166,769 171,247 175,565 179,95 184,396 188,999 193,896 199,171 204,768 210,462 215,822 220,181 222,737 223,228 221,762 218,746 214,549 209,3 203,026 195,719 187,424 178,314 164,773 157,418 167,661 171,307 174,802 178,16 181,388 184,413 187,137 189,303 191,575 191,752 182,798 175,406 167,39 158,972 150,452 142,672 137,989 140,765
132,12 134,709 136,98 138,155 137,993 137,173 136,476 135,537 134,438 133,403 132,798 132,87 133,737 135,483 138,084 141,463 145,623 150,468 155,878 161,597 167,304 172,705 177,573 181,907 185,938 189,903 193,849 197,952 202,288 206,78 211,218 215,254 218,349 220,116 220,408 219,206 216,67 213,006 208,343 202,714 196,213 189,037 181,583 175,016 172,008 173,169 175,974 179,122 182,275 185,314 188,039 190,335 192,021 192,53 190,912 186,649 181,094 175,208 169,535 164,764 162 163,057 169,091
129,602 132,257 134,718 136,528 135,713 134,808 134,155 133,433 132,501 131,527 130,816 130,759 131,717 133,8 136,824 140,729 145,674 151,554 158,131 165,062 171,874 178,064 183,267 187,474 191,012 194,298 197,517 200,833 204,303 207,85 211,275 214,297 216,485 217,755 217,959 217,011 214,958 211,941 208,03 203,292 197,892 192,157 186,59 182,11 179,877 180,054 181,753 184,143 186,781 189,368 191,69 193,555 194,7 194,824 193,573 190,839 187,358 183,817 180,865 179,286 180,155 184,83 197,747
126,818 129,39 131,636 132,86 132,85 132,159 131,522 130,885 129,981 128,965 128,089 127,951 129,17 131,593 134,895 139,142 144,682 151,605 159,456 167,727 175,815 182,925 188,364 192,228 195,204 197,771 200,298 202,899 205,588 208,311 210,909 213,114 214,747 215,756 215,957 215,283 213,744 211,422 208,349 204,629 200,443 196,129 192,117 188,982 187,181 186,839 187,715 189,37 191,366 193,392 195,248 196,723 197,579 197,766 197,098 195,706 194,034 192,564 191,86 192,582 195,495 201,291 210,315
124,141 126,544 128,591 129,769 130,009 129,565 128,919 128,362 127,469 126,314 125,068 123,426 126,27 129,441 132,925 137,048 142,75 150,742 160,004 169,668 179,22 187,64 193,106 196,127 198,365 200,359 202,286 204,268 206,288 208,323 210,266 211,886 213,208 214,085 214,381 214,035 213,035 211,41 209,209 206,532 203,548 200,514 197,687 195,369 193,806 193,167 193,429 194,387 195,726 197,203 198,644 199,84 200,656 201,194 201,261 201,022 200,84 201,039 202,024 204,248 208,057 213,509 219,955
121,736 123,952 125,882 127,111 127,553 127,353 126,759 126,299 125,529 124,499 123,305 121,034 124,705 128,107 131,529 134,884 138,105 149,817 160,243 170,815 181,468 195,593 198,477 198,5 200,159 201,788 203,377 204,94 206,487 208,031 209,462 210,714 211,842 212,706 213,181 213,2 212,723 211,78 210,447 208,799 206,964 205,015 203,037 201,207 199,757 198,886 198,687 199,036 199,776 200,768 201,869 202,843 203,767 204,776 205,644 206,506 207,551 209,039 211,182 214,23 218,288 223,244 228,691
119,642 121,672 123,514 124,834 125,488 125,574 125,189 124,894 124,405 123,757 123,228 123,464 125,235 128,122 131,5 135,058 138,859 150,129 160,578 171,114 181,419 191,591 196,471 198,493 200,353 201,999 203,511 204,931 206,233 207,459 208,544 209,588 210,591 211,562 212,266 212,642 212,661 212,383 211,885 211,202 210,395 209,41 208,13 206,563 205,078 204,021 203,448 203,314 203,549 204,067 204,771 205,579 206,766 208,264 209,894 211,7 213,753 216,141 219,059 222,632 226,857 231,615 236,728
117,852 119,755 121,57 123,038 123,945 124,35 124,276 124,173 124,03 123,81 123,848 124,622 126,446 129,243 132,806 137,302 143,399 151,592 161,001 170,666 179,864 187,735 193,302 196,799 199,267 201,199 202,81 204,217 205,497 206,56 207,509 208,464 209,406 210,625 211,563 212,268 212,744 213,041 213,235 213,432 213,657 213,746 213,096 211,537 209,857 208,525 207,606 207,078 206,898 207,006 207,311 208,017 209,344 211,176 213,42 216,008 218,905 222,176 225,881 230,044 234,638 239,503 244,513
116,465 118,324 120,174 121,859 123,054 123,762 124,005 124,04 124,23 124,375 124,808 125,933 127,972 130,917 134,728 139,572 145,671 153,086 161,383 169,906 178,025 185,047 190,513 194,506 197,473 199,733 201,526 203,016 204,322 205,44 206,477 207,536 208,682 209,875 211,005 211,99 212,824 213,569 214,347 215,267 216,421 218,678 219,864 215,816 213,811 212,187 210,967 210,111 209,54 209,196 209,131 209,697 211,092 213,25 216,094 219,493 223,283 227,474 232,059 236,973 242,071 247,175 252,14
115,568 117,419 119,388 121,348 122,891 123,912 124,406 124,531 124,874 125,245 125,968 127,358 129,616 132,731 136,741 141,706 147,643 154,447 161,821 169,316 176,451 182,783 187,979 192,08 195,3 197,806 199,784 201,384 202,707 203,952 205,221 206,441 207,663 208,928 210,163 211,339 212,452 213,534 214,719 216,096 217,75 220,624 222,352 218,146 216,176 214,494 213,129 212,053 211,235 210,616 210,34 210,724 212,203 214,916 218,491 222,645 227,258 232,267 237,663 243,346 249,122 254,69 259,667
115,191 117,053 119,247 121,587 123,564 124,913 125,598 125,746 125,951 126,354 127,189 128,769 131,27 134,575 138,72 143,732 149,479 155,76 162,378 169,009 175,32 181,022 185,865 189,859 193,114 195,708 197,769 199,403 200,769 202,114 203,52 204,913 206,232 207,511 208,824 210,148 211,456 212,765 214,187 215,765 217,453 218,869 219,263 218,382 216,985 215,57 214,301 213,239 212,406 211,762 211,468 210,968 211,431 216,6 220,872 225,63 230,884 236,556 242,616 249,017 255,567 261,797 266,978
115,372 117,241 119,847 122,763 125,277 126,962 127,751 127,798 127,581 127,755 128,473 130,132 132,857 136,431 140,749 145,764 151,289 157,119 163,094 169,009 174,644 179,754 184,199 188,004 191,171 193,729 195,761 197,316 198,658 199,965 201,335 202,779 204,231 205,655 207,06 208,493 209,945 211,436 213 214,643 216,235 217,445 217,91 217,585 216,765 215,768 214,81 214,002 213,318 212,923 212,929 213,045 214,212 218,787 223,313 228,405 234,05 240,228 246,87 253,935 261,296 268,418 274,036
116,264 118,021 121,481 125,286 128,423 130,406 131,166 130,887 130,002 129,541 129,836 131,414 134,352 138,259 142,821 147,879 153,212 158,646 164,055 169,374 174,411 178,985 183,015 186,517 189,48 191,869 193,7 195,148 196,377 197,557 198,814 200,203 201,762 203,398 205,031 206,63 208,225 209,855 211,512 213,183 214,69 215,791 216,35 216,376 216,014 215,486 214,945 214,458 214,111 214,145 214,656 215,802 217,898 221,318 225,754 230,928 236,755 243,214 250,24 257,791 265,797 274,053 283,541
118,023 117,054 124,947 129,769 133,441 135,58 136,126 135,24 133,444 131,771 131,215 132,608 135,89 140,246 145,089 150,161 155,299 160,383 165,332 170,101 174,564 178,595 182,169 185,281 187,923 190,052 191,679 192,955 193,973 194,919 195,954 197,242 198,861 200,738 202,686 204,589 206,426 208,175 209,895 211,546 212,931 213,971 214,634 214,95 215,021 214,942 214,809 214,673 214,793 215,301 216,31 217,871 220,219 223,622 227,974 233,122 238,968 245,468 252,593 260,239 268,259 276,399 285,67
124,203 125,913 131,62 136,674 140,569 142,688 142,845 141,172 138,175 134,684 132,483 133,673 137,756 142,713 147,737 152,686 157,526 162,232 166,731 170,977 174,9 178,432 181,578 184,296 186,555 188,374 189,792 190,821 191,545 192,11 192,789 193,901 195,62 197,791 200,128 202,397 204,512 206,474 208,251 209,755 211,013 212,031 212,852 213,475 213,921 214,235 214,452 214,753 215,333 216,282 217,682 219,532 222,083 225,525 229,833 234,897 240,641 247,004 253,932 261,261 268,658 275,499 280,864
132,403 135,929 140,774 145,807 149,8 151,83 151,458 148,923 144,682 139,288 128,108 132,104 140,823 146,092 150,985 155,616 160,04 164,264 168,249 171,936 175,326 178,389 181,126 183,488 185,423 186,951 188,103 188,861 189,228 189,302 189,414 190,198 192,179 194,816 197,552 200,182 202,575 204,697 206,45 207,859 209,025 210,093 211,104 212,01 212,782 213,422 213,997 214,74 215,737 217,076 218,759 220,866 223,582 227,05 231,279 236,218 241,782 247,891 254,42 261,136 267,672 273,513 278,244
140,861 145,545 151,006 156,57 160,984 163,037 162,091 158,615 153,437 147,384 139,239 140,766 146,449 150,86 155,076 159,087 162,925 166,563 169,967 173,051 175,858 178,465 180,78 182,76 184,415 185,718 186,611 187,127 187,212 186,851 186,162 184,867 188,948 192,206 195,278 198,122 200,696 202,829 204,503 205,834 207,016 208,221 209,45 210,623 211,679 212,597 213,573 214,702 216,055 217,7 219,61 221,931 224,771 228,244 232,36 237,087 242,363 248,097 254,085 260,149 265,94 271,159 275,551
149,074 154,963 161,486 168,235 173,809 176,207 174,46 169,764 163,801 157,875 153,483 152,396 154,021 156,799 159,9 163,031 166,134 169,117 171,896 174,42 176,684 178,767 180,611 182,22 183,58 184,644 185,315 185,608 185,537 185,097 184,335 182,873 187,118 190,436 193,564 196,401 198,893 200,99 202,631 203,86 204,922 206,303 207,937 209,448 210,724 211,945 213,243 214,676 216,314 218,172 220,256 222,7 225,583 228,999 232,955 237,439 242,399 247,716 253,22 258,686 263,887 268,638 272,734
