data/out.txt
ncols 202
nrows 210
xllcenter 633644
yllcenter 633644
cellsize 50
nodata_value 3,40282e+038
[rows 112 to 139 of 210, columns 0 to 62 of 202]
3,40282e+039 3,40282e+039 3,40282e+039 3,40282e+039 3,40282e+039 3,40282e+039 3,40282e+039 3,40282e+039 3,40282e+039 3,40282e+039 3,40282e+039 3,40282e+039 3,40282e+039 3,40282e+039 3,40282e+039 3,40282e+039 3,40282e+039 3,40282e+039 3,40282e+039 3,40282e+039 3,40282e+039 3,40282e+039 3,40282e+039 181,02 179,508 177,613 175,331 172,759 169,959 167,02 163,993 160,9 157,707 154,511 151,445 148,538 145,87 143,392 141,149 139,245 137,762 136,731 136,016 135,481 135,097 134,374 133,098 131,011 128,27 125,252 122,312 119,747 117,774 116,301 115,202 114,301 113,484 112,77 112,092 111,357 110,402 108,27 104,309
3,40282e+039 3,40282e+039 3,40282e+039 3,40282e+039 3,40282e+039 3,40282e+039 3,40282e+039 3,40282e+039 3,40282e+039 3,40282e+039 3,40282e+039 3,40282e+039 3,40282e+039 3,40282e+039 3,40282e+039 3,40282e+039 3,40282e+039 3,40282e+039 3,40282e+039 3,40282e+039 3,40282e+039 3,40282e+039 3,40282e+039 181,495 180,202 178,501 176,398 173,979 171,285 168,339 165,209 161,951 158,542 155,059 151,668 148,458 145,529 142,861 140,489 138,557 137,153 136,28 135,7 135,238 134,846 134,064 132,815 130,86 128,489 125,939 123,55 121,586 119,975 118,561 117,361 116,316 115,342 114,474 113,675 112,839 112,26 110,841 104,188
3,40282e+039 3,40282e+039 3,40282e+039 3,40282e+039 3,40282e+039 3,40282e+039 3,40282e+039 3,40282e+039 3,40282e+039 3,40282e+039 3,40282e+039 3,40282e+039 3,40282e+039 3,40282e+039 3,40282e+039 3,40282e+039 3,40282e+039 3,40282e+039 3,40282e+039 3,40282e+039 3,40282e+039 3,40282e+039 3,40282e+039 3,40282e+039 180,984 179,446 177,509 175,212 172,587 169,631 166,376 162,828 159,075 155,266 151,518 147,966 144,717 141,782 139,247 137,294 135,979 135,307 134,984 134,729 134,301 133,454 132,293 130,695 128,839 126,825 125,016 123,514 122,09 120,678 119,348 118,116 116,951 115,858 114,799 113,572 111,778 108,51 102,959
3,40282e+039 3,40282e+039 3,40282e+039 3,40282e+039 3,40282e+039 3,40282e+039 3,40282e+039 3,40282e+039 3,40282e+039 3,40282e+039 3,40282e+039 3,40282e+039 3,40282e+039 3,40282e+039 3,40282e+039 3,40282e+039 3,40282e+039 3,40282e+039 3,40282e+039 3,40282e+039 3,40282e+039 3,40282e+039 3,40282e+039 3,40282e+039 181,878 180,509 178,721 176,549 174,001 171,003 167,49 163,565 159,39 155,176 151,044 147,093 143,409 140,129 137,385 135,393 134,213 133,823 133,79 133,683 133,348 132,679 131,798 130,665 129,324 127,873 126,661 125,531 124,151 122,573 121,02 119,565 118,188 116,842 115,449 113,638 110,939 106,833 101,064
3,40282e+039 3,40282e+039 3,40282e+039 3,40282e+039 3,40282e+039 3,40282e+039 3,40282e+039 3,40282e+039 3,40282e+039 3,40282e+039 3,40282e+039 3,40282e+039 3,40282e+039 3,40282e+039 3,40282e+039 3,40282e+039 3,40282e+039 3,40282e+039 3,40282e+039 3,40282e+039 3,40282e+039 3,40282e+039 3,40282e+039 3,40282e+039 182,81 181,675 180,051 178,015 175,539 172,482 168,646 164,246 159,594 154,889 150,317 145,876 141,669 137,918 134,869 132,811 131,841 131,777 132,14 132,295 132,142 131,736 131,236 130,693 129,873 129,031 128,395 127,778 126,088 124,143 122,273 120,545 118,952 117,384 115,651 113,375 110,066 105,311 99,0434
3,40282e+039 3,40282e+039 3,40282e+039 3,40282e+039 3,40282e+039 3,40282e+039 3,40282e+039 3,40282e+039 3,40282e+039 3,40282e+039 3,40282e+039 3,40282e+039 3,40282e+039 3,40282e+039 3,40282e+039 3,40282e+039 3,40282e+039 3,40282e+039 3,40282e+039 3,40282e+039 3,40282e+039 3,40282e+039 3,40282e+039 3,40282e+039 183,697 182,859 181,395 179,447 177,035 174,411 169,823 164,924 159,799 154,582 149,444 144,434 139,628 135,242 131,697 129,513 128,898 129,371 130,181 130,65 130,689 130,627 130,548 130,601 130,398 130,156 129,896 129,968 127,489 125,138 122,974 120,984 119,161 117,375 115,387 112,872 109,234 103,933 97,0281
3,40282e+039 3,40282e+039 3,40282e+039 3,40282e+039 3,40282e+039 3,40282e+039 3,40282e+039 3,40282e+039 3,40282e+039 3,40282e+039 3,40282e+039 3,40282e+039 3,40282e+039 3,40282e+039 3,40282e+039 3,40282e+039 3,40282e+039 3,40282e+039 3,40282e+039 3,40282e+039 3,40282e+039 3,40282e+039 3,40282e+039 3,40282e+039 184,49 183,935 182,655 180,711 178,169 174,973 170,603 165,554 160,083 154,394 148,677 143,034 137,546 132,373 127,857 125,477 125,735 126,807 127,964 128,727 129,043 129,308 129,68 130,295 130,792 131,094 130,875 129,781 127,776 125,386 123,01 120,784 118,737 116,692 114,513 111,996 108,466 102,709 94,9039
3,40282e+039 3,40282e+039 3,40282e+039 3,40282e+039 3,40282e+039 3,40282e+039 3,40282e+039 3,40282e+039 3,40282e+039 3,40282e+039 3,40282e+039 3,40282e+039 3,40282e+039 3,40282e+039 3,40282e+039 3,40282e+039 3,40282e+039 3,40282e+039 3,40282e+039 3,40282e+039 3,40282e+039 3,40282e+039 3,40282e+039 3,40282e+039 185,142 184,813 183,736 181,845 179,145 175,64 171,278 166,15 160,427 154,343 148,136 141,946 135,877 130,085 123,64 120,421 122,97 124,333 125,583 126,516 127,185 127,723 128,528 129,679 131,002 131,971 131,586 129,867 127,53 124,944 122,348 119,881 117,525 115,188 112,813 110,305 109,518 103,543 92,1929
3,40282e+039 3,40282e+039 3,40282e+039 3,40282e+039 3,40282e+039 3,40282e+039 3,40282e+039 3,40282e+039 3,40282e+039 3,40282e+039 3,40282e+039 3,40282e+039 3,40282e+039 3,40282e+039 3,40282e+039 3,40282e+039 3,40282e+039 3,40282e+039 3,40282e+039 3,40282e+039 3,40282e+039 3,40282e+039 3,40282e+039 3,40282e+039 185,693 185,489 184,626 182,854 180,184 176,587 172,125 166,864 160,884 154,472 147,856 141,276 134,85 128,888 124,004 121,337 121,092 122,026 123,066 124,058 125,027 125,825 126,939 128,526 130,643 135,309 132,622 129,304 126,565 123,749 120,94 118,218 115,493 112,78 110,013 107,018 104,12 97,7719 88,2005
3,40282e+039 3,40282e+039 3,40282e+039 3,40282e+039 3,40282e+039 3,40282e+039 3,40282e+039 3,40282e+039 3,40282e+039 3,40282e+039 3,40282e+039 3,40282e+039 3,40282e+039 3,40282e+039 3,40282e+039 3,40282e+039 3,40282e+039 3,40282e+039 3,40282e+039 3,40282e+039 3,40282e+039 3,40282e+039 3,40282e+039 3,40282e+039 186,262 186,077 185,355 183,81 181,24 177,723 173,227 167,773 161,541 154,873 148,008 141,083 134,385 128,307 123,428 120,392 119,349 119,609 120,301 121,297 122,441 123,496 124,775 126,476 128,644 132,26 130,425 127,481 124,677 121,722 118,708 115,646 112,532 109,393 106,138 102,485 97,7801 91,1913 83,2545
3,40282e+039 3,40282e+039 3,40282e+039 3,40282e+039 3,40282e+039 3,40282e+039 3,40282e+039 3,40282e+039 3,40282e+039 3,40282e+039 3,40282e+039 3,40282e+039 3,40282e+039 3,40282e+039 3,40282e+039 3,40282e+039 3,40282e+039 3,40282e+039 3,40282e+039 3,40282e+039 3,40282e+039 3,40282e+039 3,40282e+039 3,40282e+039 186,834 186,723 186,058 184,707 182,383 178,952 174,483 168,914 162,533 155,687 148,566 141,353 134,344 127,925 122,604 118,914 117,141 116,745 117,181 118,209 119,491 120,832 122,189 123,723 125,369 126,634 126,356 124,582 122,021 119,047 115,798 112,303 108,695 105,046 101,355 97,507 92,5343 85,5062 77,9413
3,40282e+039 3,40282e+039 3,40282e+039 3,40282e+039 3,40282e+039 3,40282e+039 3,40282e+039 3,40282e+039 3,40282e+039 3,40282e+039 3,40282e+039 3,40282e+039 3,40282e+039 3,40282e+039 3,40282e+039 3,40282e+039 3,40282e+039 3,40282e+039 3,40282e+039 3,40282e+039 3,40282e+039 3,40282e+039 3,40282e+039 3,40282e+039 187,271 187,393 186,916 185,694 183,576 180,307 175,814 170,287 163,891 156,881 149,534 142,084 134,715 127,729 121,608 116,951 114,289 113,281 113,645 114,854 116,365 118,001 119,467 120,818 122,081 123,038 122,929 121,531 119,151 116,107 112,503 108,474 104,231 99,9401 95,7314 92,2066 87,6518 79,4137 72,2761
3,40282e+039 3,40282e+039 3,40282e+039 3,40282e+039 3,40282e+039 3,40282e+039 3,40282e+039 3,40282e+039 3,40282e+039 3,40282e+039 3,40282e+039 3,40282e+039 3,40282e+039 3,40282e+039 3,40282e+039 3,40282e+039 3,40282e+039 3,40282e+039 3,40282e+039 3,40282e+039 3,40282e+039 3,40282e+039 3,40282e+039 3,40282e+039 187,491 187,938 187,834 186,943 184,994 181,798 177,375 171,798 165,364 158,333 150,946 143,34 135,629 127,981 120,729 114,642 110,715 109,253 109,859 111,466 113,342 115,286 116,97 118,244 119,351 120,184 120,171 118,903 116,523 113,241 109,138 104,434 99,3904 94,2631 89,251 84,3016 78,7683 72,4615 66,1242
3,40282e+039 3,40282e+039 3,40282e+039 3,40282e+039 3,40282e+039 3,40282e+039 3,40282e+039 3,40282e+039 3,40282e+039 3,40282e+039 3,40282e+039 3,40282e+039 3,40282e+039 3,40282e+039 3,40282e+039 3,40282e+039 3,40282e+039 3,40282e+039 3,40282e+039 3,40282e+039 3,40282e+039 3,40282e+039 3,40282e+039 3,40282e+039 187,408 188,231 188,614 188,287 186,805 183,746 179,114 173,297 166,806 159,86 152,643 145,169 137,355 129,17 120,619 112,347 106,37 104,79 106,289 108,612 110,898 113,095 115,039 116,352 117,451 118,268 118,296 117,048 114,506 110,776 106,01 100,456 94,4261 88,2488 82,2132 76,4164 70,6414 64,9843 59,6262
3,40282e+039 3,40282e+039 3,40282e+039 3,40282e+039 3,40282e+039 3,40282e+039 3,40282e+039 3,40282e+039 3,40282e+039 3,40282e+039 3,40282e+039 3,40282e+039 3,40282e+039 3,40282e+039 3,40282e+039 3,40282e+039 3,40282e+039 3,40282e+039 3,40282e+039 3,40282e+039 3,40282e+039 3,40282e+039 3,40282e+039 3,40282e+039 186,948 188,13 189,013 189,477 189 186,082 180,878 174,655 168,062 161,342 154,489 147,44 140,034 131,99 122,622 111,356 99,5087 100,735 104,15 107,174 109,656 111,88 113,86 115,31 116,496 117,445 117,501 116,22 113,382 109,029 103,421 96,8382 89,6132 82,149 74,8965 68,2597 62,3558 57,3262 53,0477
3,40282e+039 3,40282e+039 3,40282e+039 3,40282e+039 3,40282e+039 3,40282e+039 3,40282e+039 3,40282e+039 3,40282e+039 3,40282e+039 3,40282e+039 3,40282e+039 3,40282e+039 3,40282e+039 3,40282e+039 3,40282e+039 3,40282e+039 3,40282e+039 3,40282e+039 3,40282e+039 3,40282e+039 3,40282e+039 3,40282e+039 3,40282e+039 3,40282e+039 187,44 188,74 189,944 193,223 189,4 181,938 175,64 169,108 162,661 156,355 150,018 143,539 136,737 128,688 116,449 94,6014 101,664 105,428 108,019 110,04 111,87 113,593 115,143 116,552 117,818 118,053 116,669 113,364 108,234 101,638 93,8803 85,2676 76,2501 67,4881 59,827 53,864 49,6713 46,6939
3,40282e+039 3,40282e+039 3,40282e+039 3,40282e+039 3,40282e+039 3,40282e+039 3,40282e+039 3,40282e+039 3,40282e+039 3,40282e+039 3,40282e+039 3,40282e+039 3,40282e+039 3,40282e+039 3,40282e+039 3,40282e+039 3,40282e+039 3,40282e+039 3,40282e+039 3,40282e+039 3,40282e+039 3,40282e+039 3,40282e+039 3,40282e+039 3,40282e+039 186,071 187,667 188,863 189,336 186,718 181,635 175,957 170,005 163,989 158,137 152,606 147,264 142,251 140,624 135,03 116,07 110,915 110,602 111,269 112,107 113,068 114,183 115,662 117,632 119,535 120,16 118,588 114,601 108,518 100,864 91,9154 81,8445 71,0083 60,2213 51,0628 45,1278 42,2765 41,0204
3,40282e+039 3,40282e+039 3,40282e+039 3,40282e+039 3,40282e+039 3,40282e+039 3,40282e+039 3,40282e+039 3,40282e+039 3,40282e+039 3,40282e+039 3,40282e+039 3,40282e+039 3,40282e+039 3,40282e+039 3,40282e+039 3,40282e+039 3,40282e+039 3,40282e+039 3,40282e+039 3,40282e+039 3,40282e+039 3,40282e+039 3,40282e+039 3,40282e+039 184,286 185,912 186,794 186,392 184,202 180,419 175,737 170,617 165,304 159,969 154,92 150,308 146,209 142,793 136,631 126,312 120,122 117,298 116,031 115,515 115,338 115,427 116,456 119,452 122,709 124,144 122,197 117,066 109,846 101,196 91,2631 79,9679 67,2984 53,7826 41,9107 36,3571 35,9214 36,8279
3,40282e+039 3,40282e+039 3,40282e+039 3,40282e+039 3,40282e+039 3,40282e+039 3,40282e+039 3,40282e+039 3,40282e+039 3,40282e+039 3,40282e+039 3,40282e+039 3,40282e+039 3,40282e+039 3,40282e+039 3,40282e+039 3,40282e+039 3,40282e+039 3,40282e+039 3,40282e+039 3,40282e+039 3,40282e+039 3,40282e+039 3,40282e+039 3,40282e+039 182,342 183,845 184,565 184,055 181,932 178,673 175,325 171,058 166,454 161,716 157,05 152,663 148,583 144,378 138,91 132,566 127,215 123,604 121,19 119,733 118,676 117,655 115,374 121,975 127,165 131,199 127,808 120,3 111,941 102,588 92,1852 80,4037 66,6796 50,553 22,1513 25,0266 32,6169 35,242
3,40282e+039 3,40282e+039 3,40282e+039 3,40282e+039 3,40282e+039 3,40282e+039 3,40282e+039 3,40282e+039 3,40282e+039 3,40282e+039 3,40282e+039 3,40282e+039 3,40282e+039 3,40282e+039 3,40282e+039 3,40282e+039 3,40282e+039 3,40282e+039 3,40282e+039 3,40282e+039 3,40282e+039 3,40282e+039 3,40282e+039 3,40282e+039 3,40282e+039 180,412 181,847 182,496 182,152 180,368 177,678 175,097 171,497 167,495 163,289 159,021 154,773 150,654 146,502 141,936 137,12 132,666 129,059 126,242 124,33 122,996 122,031 121,809 126,149 131,326 140,452 133,559 123,049 114,2 104,824 94,6829 83,5579 70,6043 54,6985 34,2063 31,5002 34,9414 37,1928
3,40282e+039 3,40282e+039 3,40282e+039 3,40282e+039 3,40282e+039 3,40282e+039 3,40282e+039 3,40282e+039 3,40282e+039 3,40282e+039 3,40282e+039 3,40282e+039 3,40282e+039 3,40282e+039 3,40282e+039 3,40282e+039 3,40282e+039 3,40282e+039 3,40282e+039 3,40282e+039 3,40282e+039 3,40282e+039 3,40282e+039 3,40282e+039 3,40282e+039 178,633 180,079 180,766 180,608 179,555 177,631 175,095 172,01 168,491 164,742 160,85 156,877 152,867 148,915 144,86 140,809 137,003 133,672 130,899 128,938 127,694 127,194 127,845 130,183 133,319 134,734 131,37 124,427 116,227 107,452 98,151 88,4857 80,3405 64,1325 50,8232 43,7344 41,8202 42,2761
3,40282e+039 3,40282e+039 3,40282e+039 3,40282e+039 3,40282e+039 3,40282e+039 3,40282e+039 3,40282e+039 3,40282e+039 3,40282e+039 3,40282e+039 3,40282e+039 3,40282e+039 3,40282e+039 3,40282e+039 3,40282e+039 3,40282e+039 3,40282e+039 3,40282e+039 3,40282e+039 3,40282e+039 3,40282e+039 3,40282e+039 3,40282e+039 3,40282e+039 177,095 178,589 179,356 179,352 178,603 177,173 175,081 172,458 169,425 166,115 162,599 158,958 155,246 151,54 147,816 144,156 140,657 137,499 134,937 133,151 132,042 131,659 132,005 133,119 134,422 134,176 131,005 125,227 118,018 110,042 101,64 92,8757 83,8152 71,8282 61,0236 53,8755 50,3341 49,2514
3,40282e+039 3,40282e+039 3,40282e+039 3,40282e+039 3,40282e+039 3,40282e+039 3,40282e+039 3,40282e+039 3,40282e+039 3,40282e+039 3,40282e+039 3,40282e+039 3,40282e+039 3,40282e+039 3,40282e+039 3,40282e+039 3,40282e+039 3,40282e+039 3,40282e+039 3,40282e+039 3,40282e+039 3,40282e+039 3,40282e+039 3,40282e+039 3,40282e+039 175,873 177,373 178,205 178,29 177,688 176,53 174,875 172,717 170,147 167,326 164,27 161,009 157,626 154,255 150,764 147,312 143,971 140,867 138,421 136,706 135,638 135,169 135,131 135,333 135,487 134,39 131,34 126,314 119,887 112,633 104,853 96,5964 87,6482 78,1011 69,3283 62,8188 58,8331 56,917
3,40282e+039 3,40282e+039 3,40282e+039 3,40282e+039 3,40282e+039 3,40282e+039 3,40282e+039 3,40282e+039 3,40282e+039 3,40282e+039 3,40282e+039 3,40282e+039 3,40282e+039 3,40282e+039 3,40282e+039 3,40282e+039 3,40282e+039 3,40282e+039 3,40282e+039 3,40282e+039 3,40282e+039 3,40282e+039 3,40282e+039 3,40282e+039 3,40282e+039 175,024 176,477 177,281 177,338 176,765 175,693 174,302 172,605 170,555 168,237 165,711 162,941 159,938 156,858 153,596 150,26 146,985 143,907 141,504 139,808 138,683 137,954 137,452 137,025 136,512 135,031 132,144 127,785 122,072 115,435 108,163 100,415 92,2198 83,8962 76,404 70,6404 66,7889 64,5904
3,40282e+039 3,40282e+039 3,40282e+039 3,40282e+039 3,40282e+039 3,40282e+039 3,40282e+039 3,40282e+039 3,40282e+039 3,40282e+039 3,40282e+039 3,40282e+039 3,40282e+039 3,40282e+039 3,40282e+039 3,40282e+039 3,40282e+039 3,40282e+039 3,40282e+039 3,40282e+039 3,40282e+039 3,40282e+039 3,40282e+039 3,40282e+039 3,40282e+039 174,447 175,835 176,616 176,508 175,723 174,586 173,312 171,949 170,434 168,719 166,802 164,595 162,013 159,209 156,081 152,855 149,648 146,583 144,217 142,552 141,356 140,424 139,536 138,552 137,495 135,779 133,068 129,31 124,432 118,478 111,771 104,474 96,8358 89,2202 82,554 77,5577 74,1851 72,1246
3,40282e+039 3,40282e+039 3,40282e+039 3,40282e+039 3,40282e+039 3,40282e+039 3,40282e+039 3,40282e+039 3,40282e+039 3,40282e+039 3,40282e+039 3,40282e+039 3,40282e+039 3,40282e+039 3,40282e+039 3,40282e+039 3,40282e+039 3,40282e+039 3,40282e+039 3,40282e+039 3,40282e+039 3,40282e+039 3,40282e+039 3,40282e+039 3,40282e+039 173,939 175,194 176,886 176,076 174,427 173,115 171,871 170,703 169,611 168,51 167,329 165,883 163,768 161,05 157,933 154,798 151,746 148,811 146,502 144,936 143,785 142,76 141,56 140,11 138,614 136,766 134,232 130,935 126,805 121,72 115,658 108,821 101,391 93,9632 87,7134 83,5381 81,0346 79,5105
3,40282e+039 3,40282e+039 3,40282e+039 3,40282e+039 3,40282e+039 3,40282e+039 3,40282e+039 3,40282e+039 3,40282e+039 3,40282e+039 3,40282e+039 3,40282e+039 3,40282e+039 3,40282e+039 3,40282e+039 3,40282e+039 3,40282e+039 3,40282e+039 3,40282e+039 3,40282e+039 3,40282e+039 3,40282e+039 3,40282e+039 3,40282e+039 3,40282e+039 173,239 174,026 175,893 174,578 172,503 171,148 169,969 168,951 168,088 167,398 166,883 166,912 166,725 162,021 158,826 155,799 152,951 150,274 148,225 146,876 145,934 145,039 143,642 141,708 139,736 137,791 135,543 132,815 129,453 125,356 120,244 113,908 106,408 98,2773 91,7817 88,7852 87,6181 86,9484
3,40282e+039 3,40282e+039 3,40282e+039 3,40282e+039 3,40282e+039 3,40282e+039 3,40282e+039 3,40282e+039 3,40282e+039 3,40282e+039 3,40282e+039 3,40282e+039 3,40282e+039 3,40282e+039 3,40282e+039 3,40282e+039 3,40282e+039 3,40282e+039 3,40282e+039 3,40282e+039 3,40282e+039 3,40282e+039 3,40282e+039 3,40282e+039 3,40282e+039 172,217 172,161 171,863 171,042 169,853 168,631 167,569 166,69 165,982 165,448 165,13 165,363 165,281 161,311 158,466 155,715 153,136 150,732 148,97 147,996 147,535 147,697 146,044 143,092 140,715 138,707 136,758 134,677 132,249 129,317 125,597 120,41 113,113 103,356 91,4574 94,6077 94,8411 94,9532
