data/out.txt
ncols 202
nrows 210
xllcenter 633644
yllcenter 633644
cellsize 50
nodata_value 3,40282e+038
[rows 56 to 83 of 210, columns 126 to 188 of 202]
169,104 171,422 173,732 3,40282e+039 3,40282e+039 3,40282e+039 3,40282e+039 3,40282e+039 3,40282e+039 3,40282e+039 3,40282e+039 3,40282e+039 3,40282e+039 3,40282e+039 3,40282e+039 3,40282e+039 3,40282e+039 3,40282e+039 3,40282e+039 3,40282e+039 3,40282e+039 3,40282e+039 3,40282e+039 3,40282e+039 3,40282e+039 3,40282e+039 3,40282e+039 3,40282e+039 3,40282e+039 3,40282e+039 3,40282e+039 3,40282e+039 3,40282e+039 3,40282e+039 3,40282e+039 3,40282e+039 3,40282e+039 3,40282e+039 3,40282e+039 3,40282e+039 3,40282e+039 3,40282e+039 3,40282e+039 3,40282e+039 3,40282e+039 3,40282e+039 3,40282e+039 3,40282e+039 3,40282e+039 3,40282e+039 3,40282e+039 3,40282e+039 3,40282e+039 3,40282e+039 3,40282e+039 3,40282e+039 3,40282e+039 3,40282e+039 3,40282e+039 3,40282e+039 3,40282e+039 3,40282e+039 3,40282e+039
171,001 173,365 175,691 178,004 3,40282e+039 3,40282e+039 3,40282e+039 3,40282e+039 3,40282e+039 3,40282e+039 3,40282e+039 3,40282e+039 3,40282e+039 3,40282e+039 3,40282e+039 3,40282e+039 3,40282e+039 3,40282e+039 3,40282e+039 3,40282e+039 3,40282e+039 3,40282e+039 3,40282e+039 3,40282e+039 3,40282e+039 3,40282e+039 3,40282e+039 3,40282e+039 3,40282e+039 3,40282e+039 3,40282e+039 3,40282e+039 3,40282e+039 3,40282e+039 3,40282e+039 3,40282e+039 3,40282e+039 3,40282e+039 3,40282e+039 3,40282e+039 3,40282e+039 3,40282e+039 3,40282e+039 3,40282e+039 3,40282e+039 3,40282e+039 3,40282e+039 3,40282e+039 3,40282e+039 3,40282e+039 3,40282e+039 3,40282e+039 3,40282e+039 3,40282e+039 3,40282e+039 3,40282e+039 3,40282e+039 3,40282e+039 3,40282e+039 3,40282e+039 3,40282e+039 3,40282e+039 3,40282e+039
173,455 175,862 178,164 180,356 182,485 3,40282e+039 3,40282e+039 3,40282e+039 3,40282e+039 3,40282e+039 3,40282e+039 3,40282e+039 3,40282e+039 3,40282e+039 3,40282e+039 3,40282e+039 3,40282e+039 3,40282e+039 3,40282e+039 3,40282e+039 3,40282e+039 3,40282e+039 3,40282e+039 3,40282e+039 3,40282e+039 3,40282e+039 3,40282e+039 3,40282e+039 3,40282e+039 3,40282e+039 3,40282e+039 3,40282e+039 3,40282e+039 3,40282e+039 3,40282e+039 3,40282e+039 3,40282e+039 3,40282e+039 3,40282e+039 3,40282e+039 3,40282e+039 3,40282e+039 3,40282e+039 3,40282e+039 3,40282e+039 3,40282e+039 3,40282e+039 3,40282e+039 3,40282e+039 3,40282e+039 3,40282e+039 3,40282e+039 3,40282e+039 3,40282e+039 3,40282e+039 3,40282e+039 3,40282e+039 3,40282e+039 3,40282e+039 3,40282e+039 3,40282e+039 3,40282e+039 3,40282e+039
176,476 178,848 181,034 183,09 185,005 186,891 3,40282e+039 3,40282e+039 3,40282e+039 3,40282e+039 3,40282e+039 3,40282e+039 3,40282e+039 3,40282e+039 3,40282e+039 3,40282e+039 3,40282e+039 3,40282e+039 3,40282e+039 3,40282e+039 3,40282e+039 3,40282e+039 3,40282e+039 3,40282e+039 3,40282e+039 3,40282e+039 3,40282e+039 3,40282e+039 3,40282e+039 3,40282e+039 3,40282e+039 3,40282e+039 3,40282e+039 3,40282e+039 3,40282e+039 3,40282e+039 3,40282e+039 3,40282e+039 3,40282e+039 3,40282e+039 3,40282e+039 3,40282e+039 3,40282e+039 3,40282e+039 3,40282e+039 3,40282e+039 3,40282e+039 3,40282e+039 3,40282e+039 3,40282e+039 3,40282e+039 3,40282e+039 3,40282e+039 3,40282e+039 3,40282e+039 3,40282e+039 3,40282e+039 3,40282e+039 3,40282e+039 3,40282e+039 3,40282e+039 3,40282e+039 3,40282e+039
179,976 182,24 184,287 186,182 187,895 189,529 191,072 3,40282e+039 3,40282e+039 3,40282e+039 3,40282e+039 3,40282e+039 3,40282e+039 3,40282e+039 3,40282e+039 3,40282e+039 3,40282e+039 3,40282e+039 3,40282e+039 3,40282e+039 3,40282e+039 3,40282e+039 3,40282e+039 3,40282e+039 3,40282e+039 3,40282e+039 3,40282e+039 3,40282e+039 3,40282e+039 3,40282e+039 3,40282e+039 3,40282e+039 3,40282e+039 3,40282e+039 3,40282e+039 3,40282e+039 3,40282e+039 3,40282e+039 3,40282e+039 3,40282e+039 3,40282e+039 3,40282e+039 3,40282e+039 3,40282e+039 3,40282e+039 3,40282e+039 3,40282e+039 3,40282e+039 3,40282e+039 3,40282e+039 3,40282e+039 3,40282e+039 3,40282e+039 3,40282e+039 3,40282e+039 3,40282e+039 3,40282e+039 3,40282e+039 3,40282e+039 3,40282e+039 3,40282e+039 3,40282e+039 3,40282e+039
183,942 186,05 187,913 189,585 191,044 192,35 193,67 194,831 3,40282e+039 3,40282e+039 3,40282e+039 3,40282e+039 3,40282e+039 3,40282e+039 3,40282e+039 3,40282e+039 3,40282e+039 3,40282e+039 3,40282e+039 3,40282e+039 3,40282e+039 3,40282e+039 3,40282e+039 3,40282e+039 3,40282e+039 3,40282e+039 3,40282e+039 3,40282e+039 3,40282e+039 3,40282e+039 3,40282e+039 3,40282e+039 3,40282e+039 3,40282e+039 3,40282e+039 3,40282e+039 3,40282e+039 3,40282e+039 3,40282e+039 3,40282e+039 3,40282e+039 3,40282e+039 3,40282e+039 3,40282e+039 3,40282e+039 3,40282e+039 3,40282e+039 3,40282e+039 3,40282e+039 3,40282e+039 3,40282e+039 3,40282e+039 3,40282e+039 3,40282e+039 3,40282e+039 3,40282e+039 3,40282e+039 3,40282e+039 3,40282e+039 3,40282e+039 3,40282e+039 3,40282e+039 3,40282e+039
188,393 190,246 191,831 193,206 194,365 195,344 196,333 197,291 3,40282e+039 3,40282e+039 3,40282e+039 3,40282e+039 3,40282e+039 3,40282e+039 3,40282e+039 3,40282e+039 3,40282e+039 3,40282e+039 3,40282e+039 3,40282e+039 3,40282e+039 3,40282e+039 3,40282e+039 3,40282e+039 3,40282e+039 3,40282e+039 3,40282e+039 3,40282e+039 3,40282e+039 3,40282e+039 3,40282e+039 3,40282e+039 3,40282e+039 3,40282e+039 3,40282e+039 3,40282e+039 3,40282e+039 3,40282e+039 3,40282e+039 3,40282e+039 3,40282e+039 3,40282e+039 3,40282e+039 3,40282e+039 3,40282e+039 3,40282e+039 3,40282e+039 3,40282e+039 3,40282e+039 3,40282e+039 3,40282e+039 3,40282e+039 3,40282e+039 3,40282e+039 3,40282e+039 3,40282e+039 3,40282e+039 3,40282e+039 3,40282e+039 3,40282e+039 3,40282e+039 3,40282e+039 3,40282e+039
193,101 194,644 195,889 196,902 197,702 198,335 198,927 199,63 200,25 3,40282e+039 3,40282e+039 3,40282e+039 3,40282e+039 3,40282e+039 3,40282e+039 3,40282e+039 3,40282e+039 3,40282e+039 3,40282e+039 3,40282e+039 3,40282e+039 3,40282e+039 3,40282e+039 3,40282e+039 3,40282e+039 3,40282e+039 3,40282e+039 3,40282e+039 3,40282e+039 3,40282e+039 3,40282e+039 3,40282e+039 3,40282e+039 3,40282e+039 3,40282e+039 3,40282e+039 3,40282e+039 3,40282e+039 3,40282e+039 3,40282e+039 3,40282e+039 3,40282e+039 3,40282e+039 3,40282e+039 3,40282e+039 3,40282e+039 3,40282e+039 3,40282e+039 3,40282e+039 3,40282e+039 3,40282e+039 3,40282e+039 3,40282e+039 3,40282e+039 3,40282e+039 3,40282e+039 3,40282e+039 3,40282e+039 3,40282e+039 3,40282e+039 3,40282e+039 3,40282e+039 3,40282e+039
197,974 199,247 200,098 200,689 201,068 201,294 201,457 201,797 202,22 202,598 3,40282e+039 3,40282e+039 3,40282e+039 3,40282e+039 3,40282e+039 3,40282e+039 3,40282e+039 3,40282e+039 3,40282e+039 3,40282e+039 3,40282e+039 3,40282e+039 3,40282e+039 3,40282e+039 3,40282e+039 3,40282e+039 3,40282e+039 3,40282e+039 3,40282e+039 3,40282e+039 3,40282e+039 3,40282e+039 3,40282e+039 3,40282e+039 3,40282e+039 3,40282e+039 3,40282e+039 3,40282e+039 3,40282e+039 3,40282e+039 3,40282e+039 3,40282e+039 3,40282e+039 3,40282e+039 3,40282e+039 3,40282e+039 3,40282e+039 3,40282e+039 3,40282e+039 3,40282e+039 3,40282e+039 3,40282e+039 3,40282e+039 3,40282e+039 3,40282e+039 3,40282e+039 3,40282e+039 3,40282e+039 3,40282e+039 3,40282e+039 3,40282e+039 3,40282e+039 3,40282e+039
202,96 204,024 204,406 204,496 204,379 204,133 203,851 203,757 203,923 204,109 204,256 3,40282e+039 3,40282e+039 3,40282e+039 3,40282e+039 3,40282e+039 3,40282e+039 3,40282e+039 3,40282e+039 3,40282e+039 3,40282e+039 3,40282e+039 3,40282e+039 3,40282e+039 3,40282e+039 3,40282e+039 3,40282e+039 3,40282e+039 3,40282e+039 3,40282e+039 3,40282e+039 3,40282e+039 3,40282e+039 3,40282e+039 3,40282e+039 3,40282e+039 3,40282e+039 3,40282e+039 3,40282e+039 3,40282e+039 3,40282e+039 3,40282e+039 3,40282e+039 3,40282e+039 3,40282e+039 3,40282e+039 3,40282e+039 3,40282e+039 3,40282e+039 3,40282e+039 3,40282e+039 3,40282e+039 3,40282e+039 3,40282e+039 3,40282e+039 3,40282e+039 3,40282e+039 3,40282e+039 3,40282e+039 3,40282e+039 3,40282e+039 3,40282e+039 3,40282e+039
207,94 208,775 208,645 208,153 207,482 206,753 206,05 205,516 205,344 205,288 205,24 205,242 3,40282e+039 3,40282e+039 3,40282e+039 3,40282e+039 3,40282e+039 3,40282e+039 3,40282e+039 3,40282e+039 3,40282e+039 3,40282e+039 3,40282e+039 3,40282e+039 3,40282e+039 3,40282e+039 3,40282e+039 3,40282e+039 3,40282e+039 3,40282e+039 3,40282e+039 3,40282e+039 3,40282e+039 3,40282e+039 3,40282e+039 3,40282e+039 3,40282e+039 3,40282e+039 3,40282e+039 3,40282e+039 3,40282e+039 3,40282e+039 3,40282e+039 3,40282e+039 3,40282e+039 3,40282e+039 3,40282e+039 3,40282e+039 3,40282e+039 3,40282e+039 3,40282e+039 3,40282e+039 3,40282e+039 3,40282e+039 3,40282e+039 3,40282e+039 3,40282e+039 3,40282e+039 3,40282e+039 3,40282e+039 3,40282e+039 3,40282e+039 3,40282e+039
212,577 213,196 212,657 211,576 210,342 209,115 207,977 207,019 206,429 206,127 205,871 205,67 205,512 205,205 3,40282e+039 3,40282e+039 3,40282e+039 3,40282e+039 3,40282e+039 3,40282e+039 3,40282e+039 3,40282e+039 3,40282e+039 3,40282e+039 3,40282e+039 3,40282e+039 3,40282e+039 3,40282e+039 3,40282e+039 3,40282e+039 3,40282e+039 3,40282e+039 3,40282e+039 3,40282e+039 3,40282e+039 3,40282e+039 3,40282e+039 3,40282e+039 3,40282e+039 3,40282e+039 3,40282e+039 3,40282e+039 3,40282e+039 3,40282e+039 3,40282e+039 3,40282e+039 3,40282e+039 3,40282e+039 3,40282e+039 3,40282e+039 3,40282e+039 3,40282e+039 3,40282e+039 3,40282e+039 3,40282e+039 3,40282e+039 3,40282e+039 3,40282e+039 3,40282e+039 3,40282e+039 3,40282e+039 3,40282e+039 3,40282e+039
216,821 217,05 216,076 214,548 212,839 211,127 209,55 208,176 207,17 206,588 206,124 205,743 205,455 205,066 204,556 203,907 3,40282e+039 3,40282e+039 3,40282e+039 3,40282e+039 3,40282e+039 3,40282e+039 3,40282e+039 3,40282e+039 3,40282e+039 3,40282e+039 3,40282e+039 3,40282e+039 3,40282e+039 3,40282e+039 3,40282e+039 3,40282e+039 3,40282e+039 3,40282e+039 3,40282e+039 3,40282e+039 3,40282e+039 3,40282e+039 3,40282e+039 3,40282e+039 3,40282e+039 3,40282e+039 3,40282e+039 3,40282e+039 3,40282e+039 3,40282e+039 3,40282e+039 3,40282e+039 3,40282e+039 3,40282e+039 3,40282e+039 3,40282e+039 3,40282e+039 3,40282e+039 3,40282e+039 3,40282e+039 3,40282e+039 3,40282e+039 3,40282e+039 3,40282e+039 3,40282e+039 3,40282e+039 3,40282e+039
220,564 220,25 218,77 216,795 214,638 212,571 210,66 208,909 207,53 206,655 206,011 205,479 205,092 204,64 204,082 203,41 202,595 201,607 200,454 199,12 197,572 3,40282e+039 3,40282e+039 3,40282e+039 3,40282e+039 3,40282e+039 3,40282e+039 3,40282e+039 3,40282e+039 3,40282e+039 3,40282e+039 3,40282e+039 3,40282e+039 3,40282e+039 3,40282e+039 3,40282e+039 3,40282e+039 3,40282e+039 3,40282e+039 3,40282e+039 3,40282e+039 3,40282e+039 3,40282e+039 3,40282e+039 3,40282e+039 3,40282e+039 3,40282e+039 3,40282e+039 3,40282e+039 3,40282e+039 3,40282e+039 3,40282e+039 3,40282e+039 3,40282e+039 3,40282e+039 3,40282e+039 3,40282e+039 3,40282e+039 3,40282e+039 3,40282e+039 3,40282e+039 3,40282e+039 3,40282e+039
223,688 222,628 220,574 218,146 215,573 213,194 211,043 209,117 207,482 206,315 205,516 204,866 204,414 203,926 203,348 202,664 201,865 200,914 199,805 198,529 197,061 195,367 193,537 191,85 3,40282e+039 3,40282e+039 3,40282e+039 3,40282e+039 3,40282e+039 3,40282e+039 3,40282e+039 3,40282e+039 3,40282e+039 3,40282e+039 3,40282e+039 3,40282e+039 3,40282e+039 3,40282e+039 3,40282e+039 3,40282e+039 3,40282e+039 3,40282e+039 3,40282e+039 3,40282e+039 3,40282e+039 3,40282e+039 3,40282e+039 3,40282e+039 3,40282e+039 3,40282e+039 3,40282e+039 3,40282e+039 3,40282e+039 3,40282e+039 3,40282e+039 3,40282e+039 3,40282e+039 3,40282e+039 3,40282e+039 3,40282e+039 3,40282e+039 3,40282e+039 3,40282e+039
225,871 223,972 221,309 218,448 215,585 212,909 210,576 208,56 206,86 205,565 204,641 203,926 203,443 202,957 202,397 201,734 200,948 200,036 198,971 197,749 196,38 194,807 193,109 191,54 190,138 188,941 187,943 3,40282e+039 3,40282e+039 3,40282e+039 3,40282e+039 3,40282e+039 3,40282e+039 3,40282e+039 3,40282e+039 3,40282e+039 3,40282e+039 3,40282e+039 3,40282e+039 3,40282e+039 3,40282e+039 3,40282e+039 3,40282e+039 3,40282e+039 3,40282e+039 3,40282e+039 3,40282e+039 3,40282e+039 3,40282e+039 3,40282e+039 3,40282e+039 3,40282e+039 3,40282e+039 3,40282e+039 3,40282e+039 3,40282e+039 3,40282e+039 3,40282e+039 3,40282e+039 3,40282e+039 3,40282e+039 3,40282e+039 3,40282e+039
226,933 224,09 220,833 217,63 214,597 211,753 209,312 207,29 205,604 204,32 203,448 202,793 202,323 201,872 201,35 200,728 199,976 199,081 198,051 196,881 195,613 194,203 192,687 191,224 189,908 188,745 187,776 187,003 186,428 185,855 3,40282e+039 3,40282e+039 3,40282e+039 3,40282e+039 3,40282e+039 3,40282e+039 3,40282e+039 3,40282e+039 3,40282e+039 3,40282e+039 3,40282e+039 3,40282e+039 3,40282e+039 3,40282e+039 3,40282e+039 3,40282e+039 3,40282e+039 3,40282e+039 3,40282e+039 3,40282e+039 3,40282e+039 3,40282e+039 3,40282e+039 3,40282e+039 3,40282e+039 3,40282e+039 3,40282e+039 3,40282e+039 3,40282e+039 3,40282e+039 3,40282e+039 3,40282e+039 3,40282e+039
226,47 222,984 219,274 215,721 212,5 209,616 207,244 205,331 203,765 202,6 201,85 201,429 201,089 200,701 200,241 199,677 198,982 198,128 197,12 196,06 194,937 193,647 192,263 190,883 189,624 188,506 187,554 186,808 186,26 185,871 185,254 184,318 3,40282e+039 3,40282e+039 3,40282e+039 3,40282e+039 3,40282e+039 3,40282e+039 3,40282e+039 3,40282e+039 3,40282e+039 3,40282e+039 3,40282e+039 3,40282e+039 3,40282e+039 3,40282e+039 3,40282e+039 3,40282e+039 3,40282e+039 3,40282e+039 3,40282e+039 3,40282e+039 3,40282e+039 3,40282e+039 3,40282e+039 3,40282e+039 3,40282e+039 3,40282e+039 3,40282e+039 3,40282e+039 3,40282e+039 3,40282e+039 3,40282e+039
223,758 220,091 216,308 212,747 209,568 206,728 204,362 202,595 201,272 200,356 199,862 199,755 199,693 199,508 199,135 198,635 197,995 197,194 196,266 195,295 194,261 193,072 191,814 190,542 189,346 188,292 187,375 186,64 186,095 185,754 185,367 184,65 183,583 182,239 3,40282e+039 3,40282e+039 3,40282e+039 3,40282e+039 3,40282e+039 3,40282e+039 3,40282e+039 3,40282e+039 3,40282e+039 3,40282e+039 3,40282e+039 3,40282e+039 3,40282e+039 3,40282e+039 3,40282e+039 3,40282e+039 3,40282e+039 3,40282e+039 3,40282e+039 3,40282e+039 3,40282e+039 3,40282e+039 3,40282e+039 3,40282e+039 3,40282e+039 3,40282e+039 3,40282e+039 3,40282e+039 3,40282e+039
218,645 215,276 211,722 208,407 205,549 203,091 201,009 199,404 198,226 197,518 197,351 197,616 197,929 198,098 198,011 197,631 197,051 196,321 195,473 194,554 193,578 192,485 191,354 190,207 189,075 188,089 187,241 186,534 186,016 185,653 185,43 184,905 184,03 182,815 181,501 3,40282e+039 3,40282e+039 3,40282e+039 3,40282e+039 3,40282e+039 3,40282e+039 3,40282e+039 3,40282e+039 3,40282e+039 3,40282e+039 3,40282e+039 3,40282e+039 3,40282e+039 3,40282e+039 3,40282e+039 3,40282e+039 3,40282e+039 3,40282e+039 3,40282e+039 3,40282e+039 3,40282e+039 3,40282e+039 3,40282e+039 3,40282e+039 3,40282e+039 3,40282e+039 3,40282e+039 3,40282e+039
211,4 208,553 205,504 202,719 200,412 198,519 196,918 195,7 194,864 194,395 194,41 194,972 195,699 196,258 196,536 196,455 196,043 195,429 194,678 193,825 192,91 191,897 190,884 189,859 188,821 187,898 187,128 186,489 186 185,633 185,473 185,162 184,468 183,414 182,124 180,829 179,579 3,40282e+039 3,40282e+039 3,40282e+039 3,40282e+039 3,40282e+039 3,40282e+039 3,40282e+039 3,40282e+039 3,40282e+039 3,40282e+039 3,40282e+039 3,40282e+039 3,40282e+039 3,40282e+039 3,40282e+039 3,40282e+039 3,40282e+039 3,40282e+039 3,40282e+039 3,40282e+039 3,40282e+039 3,40282e+039 3,40282e+039 3,40282e+039 3,40282e+039 3,40282e+039
202,533 200,201 197,781 195,715 194,225 193,11 192,172 191,479 191,094 191,007 191,384 192,151 193,12 194,01 194,612 194,894 194,827 194,441 193,854 193,111 192,262 191,333 190,414 189,505 188,577 187,704 186,995 186,447 186,027 185,708 185,525 185,417 184,926 184,044 182,825 181,539 180,256 179,019 3,40282e+039 3,40282e+039 3,40282e+039 3,40282e+039 3,40282e+039 3,40282e+039 3,40282e+039 3,40282e+039 3,40282e+039 3,40282e+039 3,40282e+039 3,40282e+039 3,40282e+039 3,40282e+039 3,40282e+039 3,40282e+039 3,40282e+039 3,40282e+039 3,40282e+039 3,40282e+039 3,40282e+039 3,40282e+039 3,40282e+039 3,40282e+039 3,40282e+039
192,657 190,673 188,873 187,632 187,112 186,958 186,921 186,905 187,062 187,426 188,191 189,24 190,438 191,494 192,345 192,99 193,297 193,265 192,892 192,308 191,602 190,795 189,967 189,15 188,336 187,531 186,875 186,38 186,026 185,768 185,611 185,626 185,371 184,69 183,602 182,335 181,046 179,773 3,40282e+039 3,40282e+039 3,40282e+039 3,40282e+039 3,40282e+039 3,40282e+039 3,40282e+039 3,40282e+039 3,40282e+039 3,40282e+039 3,40282e+039 3,40282e+039 3,40282e+039 3,40282e+039 3,40282e+039 3,40282e+039 3,40282e+039 3,40282e+039 3,40282e+039 3,40282e+039 3,40282e+039 3,40282e+039 3,40282e+039 3,40282e+039 3,40282e+039
182,167 180,283 179,092 178,82 179,401 180,335 181,308 182,138 182,936 183,796 184,897 186,161 187,579 188,906 190,015 190,853 191,486 191,809 191,762 191,362 190,813 190,182 189,505 188,797 188,077 187,362 186,762 186,316 186,015 185,831 185,718 185,745 185,73 185,292 184,411 183,204 181,94 180,643 179,371 3,40282e+039 3,40282e+039 3,40282e+039 3,40282e+039 3,40282e+039 3,40282e+039 3,40282e+039 3,40282e+039 3,40282e+039 3,40282e+039 3,40282e+039 3,40282e+039 3,40282e+039 3,40282e+039 3,40282e+039 3,40282e+039 3,40282e+039 3,40282e+039 3,40282e+039 3,40282e+039 3,40282e+039 3,40282e+039 3,40282e+039 3,40282e+039
171,314 169,231 168,693 169,66 171,566 173,678 175,666 177,348 178,821 180,178 181,569 183,022 184,665 186,241 187,591 188,705 189,538 190,091 190,361 190,259 189,88 189,423 188,917 188,373 187,795 187,192 186,648 186,255 186,01 185,91 185,86 185,874 186,019 185,819 185,178 184,102 182,896 181,633 180,336 3,40282e+039 3,40282e+039 3,40282e+039 3,40282e+039 3,40282e+039 3,40282e+039 3,40282e+039 3,40282e+039 3,40282e+039 3,40282e+039 3,40282e+039 3,40282e+039 3,40282e+039 3,40282e+039 3,40282e+039 3,40282e+039 3,40282e+039 3,40282e+039 3,40282e+039 3,40282e+039 3,40282e+039 3,40282e+039 3,40282e+039 3,40282e+039
160,81 157,902 158,197 160,924 164,39 167,697 170,586 172,94 174,907 176,659 178,31 179,964 181,781 183,557 185,114 186,459 187,534 188,288 188,72 188,906 188,81 188,522 188,18 187,803 187,399 186,965 186,524 186,196 186,022 186,017 186,044 186,088 186,301 186,312 185,892 185,019 183,882 182,675 181,397 180,115 3,40282e+039 3,40282e+039 3,40282e+039 3,40282e+039 3,40282e+039 3,40282e+039 3,40282e+039 3,40282e+039 3,40282e+039 3,40282e+039 3,40282e+039 3,40282e+039 3,40282e+039 3,40282e+039 3,40282e+039 3,40282e+039 3,40282e+039 3,40282e+039 3,40282e+039 3,40282e+039 3,40282e+039 3,40282e+039 3,40282e+039
152,39 142,182 148,041 154,162 159,038 163,257 166,768 169,592 171,887 173,9 175,705 177,474 179,301 181,088 182,716 184,167 185,432 186,39 187,017 187,346 187,51 187,483 187,299 187,082 186,854 186,6 186,319 186,128 186,058 186,151 186,266 186,375 186,615 186,807 186,6 185,933 184,899 183,755 182,524 181,235 3,40282e+039 3,40282e+039 3,40282e+039 3,40282e+039 3,40282e+039 3,40282e+039 3,40282e+039 3,40282e+039 3,40282e+039 3,40282e+039 3,40282e+039 3,40282e+039 3,40282e+039 3,40282e+039 3,40282e+039 3,40282e+039 3,40282e+039 3,40282e+039 3,40282e+039 3,40282e+039 3,40282e+039 3,40282e+039 3,40282e+039
148,499 136,955 143,928 150,635 155,852 160,327 164,015 167,001 169,406 171,503 173,468 175,436 177,43 179,36 181,017 182,436 183,626 184,576 185,254 185,695 186,017 186,224 186,278 186,221 186,16 186,083 185,979 185,96 186,078 186,308 186,52 186,723 186,978 187,316 187,322 186,861 185,955 184,883 183,705 182,432 181,185 3,40282e+039 3,40282e+039 3,40282e+039 3,40282e+039 3,40282e+039 3,40282e+039 3,40282e+039 3,40282e+039 3,40282e+039 3,40282e+039 3,40282e+039 3,40282e+039 3,40282e+039 3,40282e+039 3,40282e+039 3,40282e+039 3,40282e+039 3,40282e+039 3,40282e+039 3,40282e+039 3,40282e+039 3,40282e+039
