data/out.txt
ncols 202
nrows 210
xllcenter 633644
yllcenter 633644
cellsize 50
nodata_value 3,40282e+038
[rows 84 to 111 of 210, columns 63 to 125 of 202]
87,599 89,01 88,6411 86,0548 82,1783 78,2454 74,8001 71,903 69,4075 67,4117 66,1349 65,8681 69,2522 77,8293 86,7719 94,7374 101,002 105,397 108,167 109,622 110,204 110,422 110,734 111,411 112,361 113,385 114,427 115,484 116,561 117,614 118,533 119,06 118,861 117,781 116,06 114,152 112,604 111,627 111,339 111,792 113,013 115,114 118,152 122,156 127,159 132,881 139,139 145,68 152,195 158,324 163,801 168,324 171,647 173,788 174,863 174,972 174,219 172,667 170,36 167,302 163,498 159,048 154,257
86,5397 87,6992 87,7363 86,7535 85,1784 83,4947 81,7148 79,3365 76,4825 73,9754 72,6366 73,3566 77,0938 83,719 91,4906 98,7141 104,314 108,071 110,199 111,023 110,932 110,317 109,975 110,464 111,321 112,274 113,306 114,437 115,654 117,014 118,436 119,574 119,646 118,251 116,137 114,077 112,412 111,367 111,022 111,425 112,632 114,877 118,38 123,173 129,086 135,679 142,645 149,779 156,74 163,224 168,884 173,354 176,406 178,032 178,429 177,824 176,364 174,182 171,386 168,075 164,262 160,139 156,103
85,9178 86,9094 87,4733 87,723 87,9053 88,3035 88,5388 86,6672 82,7042 79,4685 78,1827 79,3608 83,2601 89,503 96,8391 103,607 108,476 111,153 112,133 112,029 111,106 109,634 107,933 108,785 109,514 110,289 111,187 112,317 113,735 115,382 117,29 119,91 122,003 117,97 115,445 113,373 111,863 110,887 110,545 111,044 112,421 114,768 118,645 124,296 131,05 138,327 145,891 153,613 161,199 168,212 174,209 178,724 181,516 182,587 182,302 180,999 178,937 176,272 173,132 169,695 166,019 162,344 159,068
85,6819 86,6716 87,6309 88,6306 89,8567 91,4178 96,0579 95,6779 86,5259 82,8478 81,6315 83,1317 87,4003 94,0574 101,981 109,109 113,237 114,238 113,598 112,28 110,614 108,808 107,372 107,054 107,219 107,607 108,217 109,153 110,492 112,305 114,527 117,704 120,63 115,883 113,616 111,888 110,754 110,285 110,421 111,28 112,814 114,488 116,955 125,166 132,693 140,609 148,781 157,145 165,475 173,306 179,944 184,691 187,157 187,488 186,38 184,366 181,753 178,719 175,381 171,904 168,378 165,052 162,324
85,8787 86,8711 87,9872 89,1748 90,2505 91,3441 92,3876 90,8232 86,4321 83,2537 82,2876 84,0604 88,7508 96,1805 105,63 114,942 118,161 116,359 113,829 111,356 109,11 107,224 105,825 104,931 104,481 104,391 104,625 105,238 106,353 108,046 110,088 111,986 112,808 112,076 110,839 109,998 109,766 110,12 110,988 112,197 113,8 115,538 118,138 126,514 134,257 142,514 151,166 160,128 169,236 178,118 185,933 191,348 193,324 192,609 190,544 187,816 184,686 181,308 177,82 174,346 170,941 167,895 165,568
86,5014 87,4236 88,3008 88,9041 89,2116 89,2628 88,5816 86,5165 83,431 80,8272 80,0095 81,8077 86,6349 94,4841 104,979 123,563 122,942 115,326 111,851 108,942 106,513 104,588 103,173 102,091 101,199 100,711 100,655 101,005 101,784 103,029 104,619 106,241 107,282 107,637 107,893 108,373 109,199 110,287 111,651 113,266 115,247 118,015 122,334 128,505 135,926 144,149 152,957 162,312 172,071 182,013 191,628 199,073 199,628 197,279 194,262 190,981 187,512 183,927 180,336 176,779 173,361 170,46 168,451
87,453 87,9854 88,2288 88,1319 87,6763 86,7156 84,9608 82,2953 79,1131 76,3552 75,1363 76,4514 80,8877 88,3099 97,8381 107,211 110,911 109,639 107,305 104,937 102,817 101,036 99,6019 98,3946 97,4066 96,6667 96,3142 96,3697 96,8372 97,6644 98,8505 100,282 101,864 103,465 105,2 106,967 108,664 110,364 112,16 114,171 116,623 119,801 124,28 130,169 137,279 145,337 154,128 163,63 173,718 184,157 194,848 207,372 203,42 199,964 196,571 193,111 189,585 186,006 182,413 178,822 175,303 172,07 170,546
88,3601 88,3159 88,0878 87,4745 86,2824 84,4222 81,7629 78,3261 74,4328 70,7578 68,3255 68,4995 72,2557 79,1901 87,6505 95,3733 100,034 101,404 100,911 99,6416 98,1623 96,6861 95,3587 94,224 93,2174 92,3188 91,6333 91,3567 91,4598 91,9634 93,0657 94,8581 97,1254 99,7727 102,56 105,304 107,831 110,169 112,376 114,64 117,308 120,706 125,172 130,872 137,767 145,677 154,394 163,76 173,597 183,576 193,056 199,997 201,493 199,757 197,042 193,951 190,712 187,373 183,997 180,566 177,097 172,802 172,408
89,0327 88,3824 88,3137 87,2806 85,3967 82,7511 79,3092 75,0699 70,2155 65,1844 60,8516 59,0123 62,2372 69,4495 77,7343 85,1244 90,3043 93,0543 93,9512 93,7144 92,9156 91,9322 90,8606 89,7869 88,7786 87,7648 86,7835 86,0417 85,7481 86,2118 87,5807 89,8718 92,7746 96,1685 99,8304 103,402 106,697 109,562 112,015 114,405 117,088 120,458 124,88 130,36 137,043 144,775 153,314 162,388 171,728 180,897 189,088 194,999 197,638 197,577 196,028 193,662 190,886 187,969 185,04 182,045 179,113 176,607 175,023
89,9756 88,8198 89,4609 87,8017 85,1595 81,8754 77,8586 73,0555 67,5758 61,5158 55,0076 41,5715 49,7012 61,5445 69,9837 77,1644 82,4435 85,7524 87,3981 87,8864 87,6988 87,1734 86,3496 85,3465 84,2725 83,1448 81,9038 80,6798 80,1264 80,5559 82,1105 84,6759 88,1793 92,4961 97,1723 101,664 105,603 108,742 111,206 113,333 115,691 118,768 122,9 128,258 134,802 142,465 150,907 159,75 168,7 177,256 184,726 190,319 193,524 194,548 194,009 192,463 190,297 187,899 185,462 182,98 180,672 178,671 177,033
91,5668 91,1797 91,6625 88,7468 85,4459 81,8463 77,7291 72,9544 67,467 61,2475 54,4043 41,6105 47,8806 57,8401 65,6273 71,9568 76,7669 79,9756 81,8885 82,7732 82,9607 82,7247 82,0677 81,1001 79,8946 78,5355 77,118 75,8435 74,9757 74,9309 76,0663 78,8695 83,2334 88,7546 94,6912 100,357 105,019 108,259 110,068 111,135 112,486 115,011 118,985 124,394 131,093 138,849 147,35 156,161 164,974 173,275 180,485 186,034 189,617 191,338 191,554 190,726 189,246 187,442 185,461 183,434 181,534 179,786 178,197
92,738 92,1507 91,1582 89,0827 86,2082 82,9244 79,1913 74,8643 69,9108 64,4259 59,0136 55,3349 55,7175 59,6312 64,7796 69,4969 73,2593 75,9795 77,7395 78,6469 78,9136 78,7613 78,1327 77,1212 75,7988 74,4146 73,1325 71,8397 70,3724 69,1888 69,3988 72,362 78,0468 85,1164 92,5399 99,5304 105,081 108,193 108,677 107,708 107,294 108,896 112,779 118,643 125,926 134,119 142,914 151,984 160,983 169,411 176,708 182,34 186,117 188,246 188,96 188,692 187,81 186,548 184,965 183,326 181,719 180,14 178,567
93,5753 92,7652 91,6103 89,8974 87,6568 85,0358 82,0083 78,4547 74,3199 69,8537 65,6806 62,8014 62,1255 63,6998 66,4106 69,2519 71,7426 73,6812 74,9631 75,581 75,3983 75,3534 74,796 73,7245 72,5655 71,4694 70,3411 68,7814 66,6264 64,0878 60,6733 64,184 73,1681 81,8204 90,4992 98,7402 105,568 108,892 107,312 103,069 99,8371 100,038 104,111 110,986 119,46 128,647 138,062 147,62 157,024 165,822 173,407 179,221 183,082 185,334 186,301 186,387 185,962 185,124 183,954 182,668 181,307 179,921 178,427
94,2144 93,4037 92,4612 91,289 89,7768 87,9556 85,803 83,1506 79,9565 76,4391 73,0258 70,2947 68,7838 68,677 69,441 70,609 71,7555 72,6798 73,306 73,5268 73,3251 72,9621 72,2158 71,3852 70,6402 69,8862 68,7391 67,0468 64,665 61,5803 52,8761 57,2296 70,0223 78,8364 87,8181 97,0492 106,015 111,022 105,931 96,4729 89,399 88,2173 93,3224 102,056 112,18 122,665 133,065 143,196 153,117 162,412 170,511 176,689 180,531 182,532 183,475 183,778 183,689 183,209 182,444 181,49 180,402 179,218 177,833
94,9076 94,2314 93,6208 93,0423 92,3458 91,4168 90,2199 88,5578 86,3278 83,6137 80,6597 77,7996 75,5146 74,0333 73,2379 72,8499 72,6767 72,5855 72,4998 72,3059 71,9132 71,3054 70,6904 70,2498 69,8787 69,2148 68,2151 66,7525 64,6672 62,38 61 63,1592 68,9036 76,0124 83,8124 92,5287 102,878 121,701 102,079 86,763 74,2705 70,8978 81,8961 93,1006 104,857 116,555 127,902 138,698 149,058 158,897 167,809 174,78 178,297 179,606 180,29 180,727 180,902 180,762 180,413 179,832 179,041 178,075 176,874
95,7533 95,1791 94,8667 95,0004 95,2139 95,2542 95,0269 94,4069 93,1501 91,1306 88,3968 85,2061 82,1059 79,3985 77,1704 75,4185 74,0767 73,0557 72,2626 71,6213 70,974 70,4968 70,2217 70,118 69,8055 69,2602 68,563 67,7037 65,8193 64,3064 63,6308 64,8178 68,1727 72,8194 78,1471 83,9016 89,8054 94,0723 86,1291 74,9129 58,549 51,7146 73,5661 86,0778 98,4753 110,713 122,561 133,847 144,623 154,761 164,261 175,82 175,848 175,759 176,355 177 177,516 177,811 177,894 177,666 177,208 176,513 175,661
96,9638 95,8882 94,9822 97,1648 98,2516 99,185 99,9103 100,382 100,195 98,8727 96,1682 92,3452 88,2165 84,2808 80,8135 77,9112 75,5794 73,7496 72,3337 71,2581 70,6542 70,501 70,5607 70,4965 70,2431 69,8175 69,2298 68,3175 67,0112 65,8515 65,237 65,5122 66,9571 69,2023 71,7221 73,6627 73,5192 64,5171 67,897 65,2557 61,3593 62,6105 70,8774 81,934 93,6482 105,456 117,114 128,436 139,707 149,6 157,986 165,838 168,903 170,202 171,375 172,541 173,574 174,43 174,915 175,017 174,859 174,562 174,312
98,7418 98,6233 97,399 99,7652 101,282 102,861 104,462 106,062 107,177 106,745 103,775 98,8779 93,4443 88,278 83,7498 79,9536 76,8626 74,3891 72,4746 71,289 70,9566 71,1199 71,2192 71,2044 71,0542 70,7687 70,1763 69,186 67,9647 66,834 66,005 65,4721 65,4307 65,8563 66,1997 65,5999 62,9245 53,5825 58,3118 59,8684 60,7198 64 70,7187 79,8845 90,2063 100,948 111,815 122,561 132,863 142,085 149,991 156,336 160,651 163,464 165,608 167,515 169,196 170,639 171,609 172,096 171,398 172,06 173,052
100,547 102,162 101,534 102,456 103,95 105,845 108,105 110,736 113,446 114,609 111,064 104,1 97,1993 90,9763 85,647 81,2207 77,6165 74,7383 72,6799 71,7437 71,718 71,8964 72,0579 72,1497 72,1378 71,8195 71,0919 70,0095 68,7138 67,3905 66,1594 65,0495 64,1087 63,3301 62,4012 60,8869 58,6137 56,5517 56,4969 58,0481 60,7164 64,9212 71,0302 78,799 87,6672 97,1431 106,887 116,588 125,974 134,514 141,835 147,895 152,666 156,411 159,49 162,158 164,558 166,606 168,191 169,261 169,433 170,41 171,518
101,727 102,583 103,331 104,369 105,8 107,689 110,157 113,23 117,054 126,761 116,9 106,559 98,7164 91,941 86,2373 81,5114 77,6595 74,7106 73,0048 72,4664 72,5117 72,768 73,0596 73,2927 73,219 72,7649 71,9078 70,7079 69,2441 67,6397 66,0823 64,635 63,1922 61,6987 60,1727 58,5297 56,9188 55,9116 56,1839 57,9516 61,1614 65,6463 71,2893 78,028 85,6273 93,8072 102,297 110,855 119,213 127,053 134,006 140,054 145,164 149,535 153,344 156,734 159,827 162,497 164,767 166,551 167,84 169,105 170,286
102,568 103,383 104,217 105,192 106,439 108,037 110,04 112,481 115,276 118,417 112,965 104,932 97,5413 90,9826 85,408 80,7613 77,0141 74,5188 73,3406 73,0876 73,3095 73,7427 74,1658 74,3314 74,1567 73,5802 72,5987 71,2324 69,595 67,8185 66,0281 64,3598 62,6545 60,7332 58,9499 57,3899 56,2353 55,8182 56,4783 58,4457 61,8203 66,2571 71,4176 77,2557 83,7421 90,6993 97,9791 105,402 112,812 119,935 126,665 132,739 138,211 143,068 147,463 151,524 155,213 158,493 161,41 163,849 165,801 167,602 169,21
103,118 103,722 104,323 104,944 105,712 106,626 107,676 108,83 109,72 109,166 105,728 100,158 94,0757 88,3516 83,3356 79,1226 76,0311 74,2137 73,3409 73,532 74,0709 74,7118 75,1053 75,1993 74,9361 74,2607 73,1407 71,6566 69,8908 67,9675 65,9627 64,0332 62,1564 60,134 58,2597 56,787 55,9044 55,8355 56,8125 59,0437 62,5404 66,7723 71,3949 76,3308 81,7454 87,6024 93,7524 100,174 106,776 113,35 119,838 126,054 131,853 137,164 142,049 146,626 150,831 154,668 158,126 161,065 163,647 166,031 168,2
103,41 103,631 103,743 103,774 103,737 103,664 103,55 103,378 102,787 101,166 98,0766 93,7978 89,0303 84,3814 80,229 76,9175 74,8312 73,8137 73,3817 73,8988 74,6971 75,3743 75,7989 75,8639 75,5323 74,7755 73,604 72,0429 70,1831 68,0979 65,8434 63,683 61,7109 59,6999 57,7831 56,3313 55,5613 55,6864 56,9233 59,3852 63,0567 67,3095 71,1296 75,0092 79,4163 84,3414 89,565 95,1203 101,046 107,271 113,628 119,952 126,071 131,835 137,167 142,08 146,707 151,027 154,891 158,228 161,4 164,383 167,169
103,405 103,057 102,462 101,615 100,568 99,3789 98,1426 96,791 95,1337 92,9245 90,0032 86,552 82,8867 79,3572 76,2736 74,2094 73,2345 72,9202 73,1776 73,9415 74,8646 75,6519 76,1773 76,3154 75,9865 75,2438 74,0617 72,4742 70,5463 68,3124 65,6624 63,385 61,3837 59,3157 57,3251 55,7807 55,0171 55,2289 56,5379 59,0382 62,7394 68,2185 70,1445 72,9469 76,6172 80,8144 85,3471 90,2053 95,5802 101,567 107,96 114,476 120,842 127,032 132,754 137,967 142,888 147,539 151,643 155,424 159,079 162,619 166,025
103,015 101,942 100,442 98,579 96,4351 94,1429 91,834 89,4736 87,0426 84,4743 81,6669 78,837 76,1388 73,6657 71,8843 71,1122 71,0525 71,4562 72,2706 73,2899 74,4089 75,3875 76,0811 76,3908 76,2626 75,6303 74,5313 73,0006 71,0434 68,7083 66,1087 63,5076 61,1334 58,9002 56,7607 55,0747 54,2307 54,3515 55,5244 57,7989 60,9545 64,3364 67,1339 69,9558 73,3359 77,1062 81,1076 85,3944 90,3192 96,1765 102,776 109,602 116,264 122,705 128,742 134,29 139,408 144,159 148,495 152,664 156,7 160,669 164,655
102,304 100,301 97,8001 94,865 91,6161 88,26 84,904 81,6513 78,6041 75,8073 73,1891 70,9529 69,1012 67,7578 67,3038 67,642 68,371 69,4512 70,6716 72,0218 73,3902 74,5895 75,5013 76,0868 76,2194 75,8181 74,9114 73,4975 71,5764 69,1939 66,462 63,5909 60,8587 58,3454 56,0531 54,1766 53,1351 53,0501 53,961 55,8551 58,3424 60,9817 63,6925 66,5999 69,8871 73,4238 77,035 80,81 85,2292 91,1173 98,1939 105,402 112,353 118,878 125,138 130,927 136,168 140,932 145,521 149,953 154,282 158,461 162,92
101,323 98,2926 94,7294 90,7197 86,4412 82,038 77,6705 73,5618 69,9541 66,9963 64,6756 63,0657 62,1125 61,9912 62,7244 63,8932 65,351 66,8796 68,483 70,1609 71,7748 73,274 74,5054 75,4054 75,8481 75,7749 75,1507 73,9094 72,0293 69,5635 66,6608 63,5031 60,4343 57,6565 55,1567 53,0389 51,7276 51,3553 51,9738 53,4657 55,5469 57,893 60,5101 63,4046 66,6328 70,062 73,4962 76,9316 78,2901 85,6116 94,5238 102,053 109,095 115,64 121,886 127,764 133,049 137,907 142,695 147,327 151,802 156,358 161,266
100,387 96,1902 91,5563 86,5225 81,2855 75,9134 70,5756 65,567 61,346 58,3298 56,4992 55,5527 55,8265 56,8315 58,394 60,1782 62,0289 63,8882 65,7726 67,6905 69,6024 71,4694 73,0764 74,3458 75,1755 75,4924 75,187 74,1549 72,3203 69,7699 66,6297 63,138 59,7692 56,7096 53,9967 51,6292 49,9736 49,3376 49,7204 50,9729 52,8516 55,0979 57,6786 60,571 63,8049 67,2673 70,8706 74,5816 77,6398 84,2798 92,2787 99,6207 106,535 112,923 118,911 124,684 129,971 134,986 139,889 144,908 149,134 153,778 158,962
