data/test.txt
ncols 202
nrows 210
xllcenter 633644
yllcenter 633644
cellsize 50
nodata_value 3,40282e+038
[rows 56 to 83 of 210, columns 126 to 188 of 202]
16,9104 17,1422 17,3732 3,40282e+038 3,40282e+038 3,40282e+038 3,40282e+038 3,40282e+038 3,40282e+038 3,40282e+038 3,40282e+038 3,40282e+038 3,40282e+038 3,40282e+038 3,40282e+038 3,40282e+038 3,40282e+038 3,40282e+038 3,40282e+038 3,40282e+038 3,40282e+038 3,40282e+038 3,40282e+038 3,40282e+038 3,40282e+038 3,40282e+038 3,40282e+038 3,40282e+038 3,40282e+038 3,40282e+038 3,40282e+038 3,40282e+038 3,40282e+038 3,40282e+038 3,40282e+038 3,40282e+038 3,40282e+038 3,40282e+038 3,40282e+038 3,40282e+038 3,40282e+038 3,40282e+038 3,40282e+038 3,40282e+038 3,40282e+038 3,40282e+038 3,40282e+038 3,40282e+038 3,40282e+038 3,40282e+038 3,40282e+038 3,40282e+038 3,40282e+038 3,40282e+038 3,40282e+038 3,40282e+038 3,40282e+038 3,40282e+038 3,40282e+038 3,40282e+038 3,40282e+038 3,40282e+038 3,40282e+038
17,1001 17,3365 17,5691 17,8004 3,40282e+038 3,40282e+038 3,40282e+038 3,40282e+038 3,40282e+038 3,40282e+038 3,40282e+038 3,40282e+038 3,40282e+038 3,40282e+038 3,40282e+038 3,40282e+038 3,40282e+038 3,40282e+038 3,40282e+038 3,40282e+038 3,40282e+038 3,40282e+038 3,40282e+038 3,40282e+038 3,40282e+038 3,40282e+038 3,40282e+038 3,40282e+038 3,40282e+038 3,40282e+038 3,40282e+038 3,40282e+038 3,40282e+038 3,40282e+038 3,40282e+038 3,40282e+038 3,40282e+038 3,40282e+038 3,40282e+038 3,40282e+038 3,40282e+038 3,40282e+038 3,40282e+038 3,40282e+038 3,40282e+038 3,40282e+038 3,40282e+038 3,40282e+038 3,40282e+038 3,40282e+038 3,40282e+038 3,40282e+038 3,40282e+038 3,40282e+038 3,40282e+038 3,40282e+038 3,40282e+038 3,40282e+038 3,40282e+038 3,40282e+038 3,40282e+038 3,40282e+038 3,40282e+038
17,3455 17,5862 17,8164 18,0356 18,2485 3,40282e+038 3,40282e+038 3,40282e+038 3,40282e+038 3,40282e+038 3,40282e+038 3,40282e+038 3,40282e+038 3,40282e+038 3,40282e+038 3,40282e+038 3,40282e+038 3,40282e+038 3,40282e+038 3,40282e+038 3,40282e+038 3,40282e+038 3,40282e+038 3,40282e+038 3,40282e+038 3,40282e+038 3,40282e+038 3,40282e+038 3,40282e+038 3,40282e+038 3,40282e+038 3,40282e+038 3,40282e+038 3,40282e+038 3,40282e+038 3,40282e+038 3,40282e+038 3,40282e+038 3,40282e+038 3,40282e+038 3,40282e+038 3,40282e+038 3,40282e+038 3,40282e+038 3,40282e+038 3,40282e+038 3,40282e+038 3,40282e+038 3,40282e+038 3,40282e+038 3,40282e+038 3,40282e+038 3,40282e+038 3,40282e+038 3,40282e+038 3,40282e+038 3,40282e+038 3,40282e+038 3,40282e+038 3,40282e+038 3,40282e+038 3,40282e+038 3,40282e+038
17,6476 17,8848 18,1034 18,309 18,5005 18,6891 3,40282e+038 3,40282e+038 3,40282e+038 3,40282e+038 3,40282e+038 3,40282e+038 3,40282e+038 3,40282e+038 3,40282e+038 3,40282e+038 3,40282e+038 3,40282e+038 3,40282e+038 3,40282e+038 3,40282e+038 3,40282e+038 3,40282e+038 3,40282e+038 3,40282e+038 3,40282e+038 3,40282e+038 3,40282e+038 3,40282e+038 3,40282e+038 3,40282e+038 3,40282e+038 3,40282e+038 3,40282e+038 3,40282e+038 3,40282e+038 3,40282e+038 3,40282e+038 3,40282e+038 3,40282e+038 3,40282e+038 3,40282e+038 3,40282e+038 3,40282e+038 3,40282e+038 3,40282e+038 3,40282e+038 3,40282e+038 3,40282e+038 3,40282e+038 3,40282e+038 3,40282e+038 3,40282e+038 3,40282e+038 3,40282e+038 3,40282e+038 3,40282e+038 3,40282e+038 3,40282e+038 3,40282e+038 3,40282e+038 3,40282e+038 3,40282e+038
17,9976 18,224 18,4287 18,6182 18,7895 18,9529 19,1072 3,40282e+038 3,40282e+038 3,40282e+038 3,40282e+038 3,40282e+038 3,40282e+038 3,40282e+038 3,40282e+038 3,40282e+038 3,40282e+038 3,40282e+038 3,40282e+038 3,40282e+038 3,40282e+038 3,40282e+038 3,40282e+038 3,40282e+038 3,40282e+038 3,40282e+038 3,40282e+038 3,40282e+038 3,40282e+038 3,40282e+038 3,40282e+038 3,40282e+038 3,40282e+038 3,40282e+038 3,40282e+038 3,40282e+038 3,40282e+038 3,40282e+038 3,40282e+038 3,40282e+038 3,40282e+038 3,40282e+038 3,40282e+038 3,40282e+038 3,40282e+038 3,40282e+038 3,40282e+038 3,40282e+038 3,40282e+038 3,40282e+038 3,40282e+038 3,40282e+038 3,40282e+038 3,40282e+038 3,40282e+038 3,40282e+038 3,40282e+038 3,40282e+038 3,40282e+038 3,40282e+038 3,40282e+038 3,40282e+038 3,40282e+038
18,3942 18,605 18,7913 18,9585 19,1044 19,235 19,367 19,4831 3,40282e+038 3,40282e+038 3,40282e+038 3,40282e+038 3,40282e+038 3,40282e+038 3,40282e+038 3,40282e+038 3,40282e+038 3,40282e+038 3,40282e+038 3,40282e+038 3,40282e+038 3,40282e+038 3,40282e+038 3,40282e+038 3,40282e+038 3,40282e+038 3,40282e+038 3,40282e+038 3,40282e+038 3,40282e+038 3,40282e+038 3,40282e+038 3,40282e+038 3,40282e+038 3,40282e+038 3,40282e+038 3,40282e+038 3,40282e+038 3,40282e+038 3,40282e+038 3,40282e+038 3,40282e+038 3,40282e+038 3,40282e+038 3,40282e+038 3,40282e+038 3,40282e+038 3,40282e+038 3,40282e+038 3,40282e+038 3,40282e+038 3,40282e+038 3,40282e+038 3,40282e+038 3,40282e+038 3,40282e+038 3,40282e+038 3,40282e+038 3,40282e+038 3,40282e+038 3,40282e+038 3,40282e+038 3,40282e+038
18,8393 19,0246 19,1831 19,3206 19,4365 19,5344 19,6333 19,7291 3,40282e+038 3,40282e+038 3,40282e+038 3,40282e+038 3,40282e+038 3,40282e+038 3,40282e+038 3,40282e+038 3,40282e+038 3,40282e+038 3,40282e+038 3,40282e+038 3,40282e+038 3,40282e+038 3,40282e+038 3,40282e+038 3,40282e+038 3,40282e+038 3,40282e+038 3,40282e+038 3,40282e+038 3,40282e+038 3,40282e+038 3,40282e+038 3,40282e+038 3,40282e+038 3,40282e+038 3,40282e+038 3,40282e+038 3,40282e+038 3,40282e+038 3,40282e+038 3,40282e+038 3,40282e+038 3,40282e+038 3,40282e+038 3,40282e+038 3,40282e+038 3,40282e+038 3,40282e+038 3,40282e+038 3,40282e+038 3,40282e+038 3,40282e+038 3,40282e+038 3,40282e+038 3,40282e+038 3,40282e+038 3,40282e+038 3,40282e+038 3,40282e+038 3,40282e+038 3,40282e+038 3,40282e+038 3,40282e+038
19,3101 19,4644 19,5889 19,6902 19,7702 19,8335 19,8927 19,963 20,025 3,40282e+038 3,40282e+038 3,40282e+038 3,40282e+038 3,40282e+038 3,40282e+038 3,40282e+038 3,40282e+038 3,40282e+038 3,40282e+038 3,40282e+038 3,40282e+038 3,40282e+038 3,40282e+038 3,40282e+038 3,40282e+038 3,40282e+038 3,40282e+038 3,40282e+038 3,40282e+038 3,40282e+038 3,40282e+038 3,40282e+038 3,40282e+038 3,40282e+038 3,40282e+038 3,40282e+038 3,40282e+038 3,40282e+038 3,40282e+038 3,40282e+038 3,40282e+038 3,40282e+038 3,40282e+038 3,40282e+038 3,40282e+038 3,40282e+038 3,40282e+038 3,40282e+038 3,40282e+038 3,40282e+038 3,40282e+038 3,40282e+038 3,40282e+038 3,40282e+038 3,40282e+038 3,40282e+038 3,40282e+038 3,40282e+038 3,40282e+038 3,40282e+038 3,40282e+038 3,40282e+038 3,40282e+038
19,7974 19,9247 20,0098 20,0689 20,1068 20,1294 20,1457 20,1797 20,222 20,2598 3,40282e+038 3,40282e+038 3,40282e+038 3,40282e+038 3,40282e+038 3,40282e+038 3,40282e+038 3,40282e+038 3,40282e+038 3,40282e+038 3,40282e+038 3,40282e+038 3,40282e+038 3,40282e+038 3,40282e+038 3,40282e+038 3,40282e+038 3,40282e+038 3,40282e+038 3,40282e+038 3,40282e+038 3,40282e+038 3,40282e+038 3,40282e+038 3,40282e+038 3,40282e+038 3,40282e+038 3,40282e+038 3,40282e+038 3,40282e+038 3,40282e+038 3,40282e+038 3,40282e+038 3,40282e+038 3,40282e+038 3,40282e+038 3,40282e+038 3,40282e+038 3,40282e+038 3,40282e+038 3,40282e+038 3,40282e+038 3,40282e+038 3,40282e+038 3,40282e+038 3,40282e+038 3,40282e+038 3,40282e+038 3,40282e+038 3,40282e+038 3,40282e+038 3,40282e+038 3,40282e+038
20,296 20,4024 20,4406 20,4496 20,4379 20,4133 20,3851 20,3757 20,3923 20,4109 20,4256 3,40282e+038 3,40282e+038 3,40282e+038 3,40282e+038 3,40282e+038 3,40282e+038 3,40282e+038 3,40282e+038 3,40282e+038 3,40282e+038 3,40282e+038 3,40282e+038 3,40282e+038 3,40282e+038 3,40282e+038 3,40282e+038 3,40282e+038 3,40282e+038 3,40282e+038 3,40282e+038 3,40282e+038 3,40282e+038 3,40282e+038 3,40282e+038 3,40282e+038 3,40282e+038 3,40282e+038 3,40282e+038 3,40282e+038 3,40282e+038 3,40282e+038 3,40282e+038 3,40282e+038 3,40282e+038 3,40282e+038 3,40282e+038 3,40282e+038 3,40282e+038 3,40282e+038 3,40282e+038 3,40282e+038 3,40282e+038 3,40282e+038 3,40282e+038 3,40282e+038 3,40282e+038 3,40282e+038 3,40282e+038 3,40282e+038 3,40282e+038 3,40282e+038 3,40282e+038
20,794 20,8775 20,8645 20,8153 20,7482 20,6753 20,605 20,5516 20,5344 20,5288 20,524 20,5242 3,40282e+038 3,40282e+038 3,40282e+038 3,40282e+038 3,40282e+038 3,40282e+038 3,40282e+038 3,40282e+038 3,40282e+038 3,40282e+038 3,40282e+038 3,40282e+038 3,40282e+038 3,40282e+038 3,40282e+038 3,40282e+038 3,40282e+038 3,40282e+038 3,40282e+038 3,40282e+038 3,40282e+038 3,40282e+038 3,40282e+038 3,40282e+038 3,40282e+038 3,40282e+038 3,40282e+038 3,40282e+038 3,40282e+038 3,40282e+038 3,40282e+038 3,40282e+038 3,40282e+038 3,40282e+038 3,40282e+038 3,40282e+038 3,40282e+038 3,40282e+038 3,40282e+038 3,40282e+038 3,40282e+038 3,40282e+038 3,40282e+038 3,40282e+038 3,40282e+038 3,40282e+038 3,40282e+038 3,40282e+038 3,40282e+038 3,40282e+038 3,40282e+038
21,2577 21,3196 21,2657 21,1576 21,0342 20,9115 20,7977 20,7019 20,6429 20,6127 20,5871 20,567 20,5512 20,5205 3,40282e+038 3,40282e+038 3,40282e+038 3,40282e+038 3,40282e+038 3,40282e+038 3,40282e+038 3,40282e+038 3,40282e+038 3,40282e+038 3,40282e+038 3,40282e+038 3,40282e+038 3,40282e+038 3,40282e+038 3,40282e+038 3,40282e+038 3,40282e+038 3,40282e+038 3,40282e+038 3,40282e+038 3,40282e+038 3,40282e+038 3,40282e+038 3,40282e+038 3,40282e+038 3,40282e+038 3,40282e+038 3,40282e+038 3,40282e+038 3,40282e+038 3,40282e+038 3,40282e+038 3,40282e+038 3,40282e+038 3,40282e+038 3,40282e+038 3,40282e+038 3,40282e+038 3,40282e+038 3,40282e+038 3,40282e+038 3,40282e+038 3,40282e+038 3,40282e+038 3,40282e+038 3,40282e+038 3,40282e+038 3,40282e+038
21,6821 21,705 21,6076 21,4548 21,2839 21,1127 20,955 20,8176 20,717 20,6588 20,6124 20,5743 20,5455 20,5066 20,4556 20,3907 3,40282e+038 3,40282e+038 3,40282e+038 3,40282e+038 3,40282e+038 3,40282e+038 3,40282e+038 3,40282e+038 3,40282e+038 3,40282e+038 3,40282e+038 3,40282e+038 3,40282e+038 3,40282e+038 3,40282e+038 3,40282e+038 3,40282e+038 3,40282e+038 3,40282e+038 3,40282e+038 3,40282e+038 3,40282e+038 3,40282e+038 3,40282e+038 3,40282e+038 3,40282e+038 3,40282e+038 3,40282e+038 3,40282e+038 3,40282e+038 3,40282e+038 3,40282e+038 3,40282e+038 3,40282e+038 3,40282e+038 3,40282e+038 3,40282e+038 3,40282e+038 3,40282e+038 3,40282e+038 3,40282e+038 3,40282e+038 3,40282e+038 3,40282e+038 3,40282e+038 3,40282e+038 3,40282e+038
22,0564 22,025 21,877 21,6795 21,4638 21,2571 21,066 20,8909 20,753 20,6655 20,6011 20,5479 20,5092 20,464 20,4082 20,341 20,2595 20,1607 20,0454 19,912 19,7572 3,40282e+038 3,40282e+038 3,40282e+038 3,40282e+038 3,40282e+038 3,40282e+038 3,40282e+038 3,40282e+038 3,40282e+038 3,40282e+038 3,40282e+038 3,40282e+038 3,40282e+038 3,40282e+038 3,40282e+038 3,40282e+038 3,40282e+038 3,40282e+038 3,40282e+038 3,40282e+038 3,40282e+038 3,40282e+038 3,40282e+038 3,40282e+038 3,40282e+038 3,40282e+038 3,40282e+038 3,40282e+038 3,40282e+038 3,40282e+038 3,40282e+038 3,40282e+038 3,40282e+038 3,40282e+038 3,40282e+038 3,40282e+038 3,40282e+038 3,40282e+038 3,40282e+038 3,40282e+038 3,40282e+038 3,40282e+038
22,3688 22,2628 22,0574 21,8146 21,5573 21,3194 21,1043 20,9117 20,7482 20,6315 20,5516 20,4866 20,4414 20,3926 20,3348 20,2664 20,1865 20,0914 19,9805 19,8529 19,7061 19,5367 19,3537 19,185 3,40282e+038 3,40282e+038 3,40282e+038 3,40282e+038 3,40282e+038 3,40282e+038 3,40282e+038 3,40282e+038 3,40282e+038 3,40282e+038 3,40282e+038 3,40282e+038 3,40282e+038 3,40282e+038 3,40282e+038 3,40282e+038 3,40282e+038 3,40282e+038 3,40282e+038 3,40282e+038 3,40282e+038 3,40282e+038 3,40282e+038 3,40282e+038 3,40282e+038 3,40282e+038 3,40282e+038 3,40282e+038 3,40282e+038 3,40282e+038 3,40282e+038 3,40282e+038 3,40282e+038 3,40282e+038 3,40282e+038 3,40282e+038 3,40282e+038 3,40282e+038 3,40282e+038
22,5871 22,3972 22,1309 21,8448 21,5585 21,2909 21,0576 20,856 20,686 20,5565 20,4641 20,3926 20,3443 20,2957 20,2397 20,1734 20,0948 20,0036 19,8971 19,7749 19,638 19,4807 19,3109 19,154 19,0138 18,8941 18,7943 3,40282e+038 3,40282e+038 3,40282e+038 3,40282e+038 3,40282e+038 3,40282e+038 3,40282e+038 3,40282e+038 3,40282e+038 3,40282e+038 3,40282e+038 3,40282e+038 3,40282e+038 3,40282e+038 3,40282e+038 3,40282e+038 3,40282e+038 3,40282e+038 3,40282e+038 3,40282e+038 3,40282e+038 3,40282e+038 3,40282e+038 3,40282e+038 3,40282e+038 3,40282e+038 3,40282e+038 3,40282e+038 3,40282e+038 3,40282e+038 3,40282e+038 3,40282e+038 3,40282e+038 3,40282e+038 3,40282e+038 3,40282e+038
22,6933 22,409 22,0833 21,763 21,4597 21,1753 20,9312 20,729 20,5604 20,432 20,3448 20,2793 20,2323 20,1872 20,135 20,0728 19,9976 19,9081 19,8051 19,6881 19,5613 19,4203 19,2687 19,1224 18,9908 18,8745 18,7776 18,7003 18,6428 18,5855 3,40282e+038 3,40282e+038 3,40282e+038 3,40282e+038 3,40282e+038 3,40282e+038 3,40282e+038 3,40282e+038 3,40282e+038 3,40282e+038 3,40282e+038 3,40282e+038 3,40282e+038 3,40282e+038 3,40282e+038 3,40282e+038 3,40282e+038 3,40282e+038 3,40282e+038 3,40282e+038 3,40282e+038 3,40282e+038 3,40282e+038 3,40282e+038 3,40282e+038 3,40282e+038 3,40282e+038 3,40282e+038 3,40282e+038 3,40282e+038 3,40282e+038 3,40282e+038 3,40282e+038
22,647 22,2984 21,9274 21,5721 21,25 20,9616 20,7244 20,5331 20,3765 20,26 20,185 20,1429 20,1089 20,0701 20,0241 19,9677 19,8982 19,8128 19,712 19,606 19,4937 19,3647 19,2263 19,0883 18,9624 18,8506 18,7554 18,6808 18,626 18,5871 18,5254 18,4318 3,40282e+038 3,40282e+038 3,40282e+038 3,40282e+038 3,40282e+038 3,40282e+038 3,40282e+038 3,40282e+038 3,40282e+038 3,40282e+038 3,40282e+038 3,40282e+038 3,40282e+038 3,40282e+038 3,40282e+038 3,40282e+038 3,40282e+038 3,40282e+038 3,40282e+038 3,40282e+038 3,40282e+038 3,40282e+038 3,40282e+038 3,40282e+038 3,40282e+038 3,40282e+038 3,40282e+038 3,40282e+038 3,40282e+038 3,40282e+038 3,40282e+038
22,3758 22,0091 21,6308 21,2747 20,9568 20,6728 20,4362 20,2595 20,1272 20,0356 19,9862 19,9755 19,9693 19,9508 19,9135 19,8635 19,7995 19,7194 19,6266 19,5295 19,4261 19,3072 19,1814 19,0542 18,9346 18,8292 18,7375 18,664 18,6095 18,5754 18,5367 18,465 18,3583 18,2239 3,40282e+038 3,40282e+038 3,40282e+038 3,40282e+038 3,40282e+038 3,40282e+038 3,40282e+038 3,40282e+038 3,40282e+038 3,40282e+038 3,40282e+038 3,40282e+038 3,40282e+038 3,40282e+038 3,40282e+038 3,40282e+038 3,40282e+038 3,40282e+038 3,40282e+038 3,40282e+038 3,40282e+038 3,40282e+038 3,40282e+038 3,40282e+038 3,40282e+038 3,40282e+038 3,40282e+038 3,40282e+038 3,40282e+038
21,8645 21,5276 21,1722 20,8407 20,5549 20,3091 20,1009 19,9404 19,8226 19,7518 19,7351 19,7616 19,7929 19,8098 19,8011 19,7631 19,7051 19,6321 19,5473 19,4554 19,3578 19,2485 19,1354 19,0207 18,9075 18,8089 18,7241 18,6534 18,6016 18,5653 18,543 18,4905 18,403 18,2815 18,1501 3,40282e+038 3,40282e+038 3,40282e+038 3,40282e+038 3,40282e+038 3,40282e+038 3,40282e+038 3,40282e+038 3,40282e+038 3,40282e+038 3,40282e+038 3,40282e+038 3,40282e+038 3,40282e+038 3,40282e+038 3,40282e+038 3,40282e+038 3,40282e+038 3,40282e+038 3,40282e+038 3,40282e+038 3,40282e+038 3,40282e+038 3,40282e+038 3,40282e+038 3,40282e+038 3,40282e+038 3,40282e+038
21,14 20,8553 20,5504 20,2719 20,0412 19,8519 19,6918 19,57 19,4864 19,4395 19,441 19,4972 19,5699 19,6258 19,6536 19,6455 19,6043 19,5429 19,4678 19,3825 19,291 19,1897 19,0884 18,9859 18,8821 18,7898 18,7128 18,6489 18,6 18,5633 18,5473 18,5162 18,4468 18,3414 18,2124 18,0829 17,9579 3,40282e+038 3,40282e+038 3,40282e+038 3,40282e+038 3,40282e+038 3,40282e+038 3,40282e+038 3,40282e+038 3,40282e+038 3,40282e+038 3,40282e+038 3,40282e+038 3,40282e+038 3,40282e+038 3,40282e+038 3,40282e+038 3,40282e+038 3,40282e+038 3,40282e+038 3,40282e+038 3,40282e+038 3,40282e+038 3,40282e+038 3,40282e+038 3,40282e+038 3,40282e+038
20,2533 20,0201 19,7781 19,5715 19,4225 19,311 19,2172 19,1479 19,1094 19,1007 19,1384 19,2151 19,312 19,401 19,4612 19,4894 19,4827 19,4441 19,3854 19,3111 19,2262 19,1333 19,0414 18,9505 18,8577 18,7704 18,6995 18,6447 18,6027 18,5708 18,5525 18,5417 18,4926 18,4044 18,2825 18,1539 18,0256 17,9019 3,40282e+038 3,40282e+038 3,40282e+038 3,40282e+038 3,40282e+038 3,40282e+038 3,40282e+038 3,40282e+038 3,40282e+038 3,40282e+038 3,40282e+038 3,40282e+038 3,40282e+038 3,40282e+038 3,40282e+038 3,40282e+038 3,40282e+038 3,40282e+038 3,40282e+038 3,40282e+038 3,40282e+038 3,40282e+038 3,40282e+038 3,40282e+038 3,40282e+038
19,2657 19,0673 18,8873 18,7632 18,7112 18,6958 18,6921 18,6905 18,7062 18,7426 18,8191 18,924 19,0438 19,1494 19,2345 19,299 19,3297 19,3265 19,2892 19,2308 19,1602 19,0795 18,9967 18,915 18,8336 18,7531 18,6875 18,638 18,6026 18,5768 18,5611 18,5626 18,5371 18,469 18,3602 18,2335 18,1046 17,9773 3,40282e+038 3,40282e+038 3,40282e+038 3,40282e+038 3,40282e+038 3,40282e+038 3,40282e+038 3,40282e+038 3,40282e+038 3,40282e+038 3,40282e+038 3,40282e+038 3,40282e+038 3,40282e+038 3,40282e+038 3,40282e+038 3,40282e+038 3,40282e+038 3,40282e+038 3,40282e+038 3,40282e+038 3,40282e+038 3,40282e+038 3,40282e+038 3,40282e+038
18,2167 18,0283 17,9092 17,882 17,9401 18,0335 18,1308 18,2138 18,2936 18,3796 18,4897 18,6161 18,7579 18,8906 19,0015 19,0853 19,1486 19,1809 19,1762 19,1362 19,0813 19,0182 18,9505 18,8797 18,8077 18,7362 18,6762 18,6316 18,6015 18,5831 18,5718 18,5745 18,573 18,5292 18,4411 18,3204 18,194 18,0643 17,9371 3,40282e+038 3,40282e+038 3,40282e+038 3,40282e+038 3,40282e+038 3,40282e+038 3,40282e+038 3,40282e+038 3,40282e+038 3,40282e+038 3,40282e+038 3,40282e+038 3,40282e+038 3,40282e+038 3,40282e+038 3,40282e+038 3,40282e+038 3,40282e+038 3,40282e+038 3,40282e+038 3,40282e+038 3,40282e+038 3,40282e+038 3,40282e+038
17,1314 16,9231 16,8693 16,966 17,1566 17,3678 17,5666 17,7348 17,8821 18,0178 18,1569 18,3022 18,4665 18,6241 18,7591 18,8705 18,9538 19,0091 19,0361 19,0259 18,988 18,9423 18,8917 18,8373 18,7795 18,7192 18,6648 18,6255 18,601 18,591 18,586 18,5874 18,6019 18,5819 18,5178 18,4102 18,2896 18,1633 18,0336 3,40282e+038 3,40282e+038 3,40282e+038 3,40282e+038 3,40282e+038 3,40282e+038 3,40282e+038 3,40282e+038 3,40282e+038 3,40282e+038 3,40282e+038 3,40282e+038 3,40282e+038 3,40282e+038 3,40282e+038 3,40282e+038 3,40282e+038 3,40282e+038 3,40282e+038 3,40282e+038 3,40282e+038 3,40282e+038 3,40282e+038 3,40282e+038
16,081 15,7902 15,8197 16,0924 16,439 16,7697 17,0586 17,294 17,4907 17,6659 17,831 17,9964 18,1781 18,3557 18,5114 18,6459 18,7534 18,8288 18,872 18,8906 18,881 18,8522 18,818 18,7803 18,7399 18,6965 18,6524 18,6196 18,6022 18,6017 18,6044 18,6088 18,6301 18,6312 18,5892 18,5019 18,3882 18,2675 18,1397 18,0115 3,40282e+038 3,40282e+038 3,40282e+038 3,40282e+038 3,40282e+038 3,40282e+038 3,40282e+038 3,40282e+038 3,40282e+038 3,40282e+038 3,40282e+038 3,40282e+038 3,40282e+038 3,40282e+038 3,40282e+038 3,40282e+038 3,40282e+038 3,40282e+038 3,40282e+038 3,40282e+038 3,40282e+038 3,40282e+038 3,40282e+038
15,239 14,2182 14,8041 15,4162 15,9038 16,3257 16,6768 16,9592 17,1887 17,39 17,5705 17,7474 17,9301 18,1088 18,2716 18,4167 18,5432 18,639 18,7017 18,7346 18,751 18,7483 18,7299 18,7082 18,6854 18,66 18,6319 18,6128 18,6058 18,6151 18,6266 18,6375 18,6615 18,6807 18,66 18,5933 18,4899 18,3755 18,2524 18,1235 3,40282e+038 3,40282e+038 3,40282e+038 3,40282e+038 3,40282e+038 3,40282e+038 3,40282e+038 3,40282e+038 3,40282e+038 3,40282e+038 3,40282e+038 3,40282e+038 3,40282e+038 3,40282e+038 3,40282e+038 3,40282e+038 3,40282e+038 3,40282e+038 3,40282e+038 3,40282e+038 3,40282e+038 3,40282e+038 3,40282e+038
14,8499 13,6955 14,3928 15,0635 15,5852 16,0327 16,4015 16,7001 16,9406 17,1503 17,3468 17,5436 17,743 17,936 18,1017 18,2436 18,3626 18,4576 18,5254 18,5695 18,6017 18,6224 18,6278 18,6221 18,616 18,6083 18,5979 18,596 18,6078 18,6308 18,652 18,6723 18,6978 18,7316 18,7322 18,6861 18,5955 18,4883 18,3705 18,2432 18,1185 3,40282e+038 3,40282e+038 3,40282e+038 3,40282e+038 3,40282e+038 3,40282e+038 3,40282e+038 3,40282e+038 3,40282e+038 3,40282e+038 3,40282e+038 3,40282e+038 3,40282e+038 3,40282e+038 3,40282e+038 3,40282e+038 3,40282e+038 3,40282e+038 3,40282e+038 3,40282e+038 3,40282e+038 3,40282e+038
