data/test.txt
ncols 202
nrows 210
xllcenter 633644
yllcenter 633644
cellsize 50
nodata_value 3,40282e+038
[rows 56 to 83 of 210, columns 63 to 125 of 202]
9,09577 9,36316 9,61635 9,86353 10,0936 10,2823 10,3998 10,4346 10,4068 10,3328 10,2199 10,0723 9,87805 9,63248 9,33933 9,02222 8,74311 8,56619 8,46024 8,36091 8,24111 8,09755 7,93472 7,76131 7,58859 7,42511 7,23924 7,18757 7,25397 7,30307 7,37049 7,45571 7,55537 7,66159 7,76971 7,87324 7,94844 8,26153 8,53927 8,82283 9,11261 9,4095 9,71448 10,0321 10,3656 10,7173 11,0851 11,4559 11,828 12,2081 12,5932 12,9813 13,3703 13,761 14,1497 14,5315 14,9026 15,2662 15,603 15,9087 16,1881 16,4395 16,6771
9,051 9,33166 9,60164 9,86358 10,1019 10,2983 10,4354 10,5055 10,5149 10,48 10,4125 10,3045 10,1496 9,94657 9,7005 9,43028 9,16889 8,94416 8,75303 8,57407 8,39172 8,20072 8,00314 7,80605 7,62556 7,47127 7,35752 7,30548 7,31259 7,35464 7,41714 7,49675 7,59027 7,69254 7,7961 7,89843 8,00191 8,26269 8,52181 8,78987 9,06603 9,35221 9,64977 9,95559 10,2736 10,6119 10,9679 11,3322 11,706 12,0926 12,4908 12,8954 13,302 13,7099 14,116 14,5133 14,8997 15,2957 15,6773 16,0244 16,3335 16,6106 16,8587
8,97737 9,28074 9,57523 9,85675 10,1109 10,3239 10,4842 10,5877 10,6394 10,6523 10,633 10,5718 10,4641 10,3069 10,1022 9,85968 9,59653 9,33124 9,07276 8,82088 8,57239 8,3273 8,0905 7,86918 7,67943 7,53265 7,4344 7,39056 7,39702 7,44084 7,50811 7,5881 7,67866 7,78015 7,88868 8,00621 8,15176 8,34109 8,56227 8,80158 9,05444 9,32017 9,59602 9,88307 10,1837 10,5057 10,8527 11,2149 11,5904 11,9848 12,3959 12,8184 13,2444 13,6713 14,0954 14,5135 14,9318 15,3617 15,7891 16,1819 16,5279 16,8313 17,0965
8,88749 9,22261 9,54566 9,85016 10,1246 10,358 10,544 10,6817 10,7787 10,8408 10,8693 10,86 10,8068 10,7014 10,5363 10,3112 10,0355 9,72765 9,40631 9,08336 8,76775 8,46687 8,18813 7,9416 7,74059 7,59475 7,5081 7,47651 7,49344 7,54762 7,62569 7,71767 7,81626 7,92124 8,03496 8,15773 8,29763 8,46167 8,64842 8,85482 9,07685 9,30895 9,55407 9,81708 10,1021 10,4137 10,7536 11,1131 11,4906 11,8863 12,3094 12,7499 13,198 13,6468 14,0991 14,5547 15,0101 15,4748 15,9436 16,3802 16,7712 17,1047 17,3923
8,80276 9,17193 9,52302 9,85013 10,145 10,402 10,614 10,7841 10,9202 11,0303 11,1095 11,159 11,1706 11,1261 11,0034 10,7882 10,4869 10,1247 9,73419 9,34068 8,96108 8,60617 8,28643 8,01271 7,79749 7,65012 7,57324 7,55985 7,59613 7,66885 7,76547 7,87506 7,98909 8,10292 8,22121 8,34482 8,47311 8,61337 8,76878 8,93946 9,1209 9,31674 9,53383 9,77518 10,0425 10,342 10,6737 11,0292 11,408 11,8076 12,2351 12,6917 13,1645 13,6492 14,1433 14,6412 15,1377 15,6404 16,1471 16,6278 17,0597 17,4337 17,745
8,74699 9,14549 9,51918 9,86504 10,1819 10,4623 10,7008 10,8957 11,0605 11,208 11,3369 11,4467 11,5324 11,5654 11,499 11,2904 10,9436 10,5086 10,0405 9,57678 9,13651 8,73131 8,37285 8,07124 7,84088 7,69409 7,62978 7,63839 7,7017 7,80051 7,92093 8,05093 8,18174 8,30729 8,42657 8,54467 8,66039 8,77837 8,90109 9,02933 9,17425 9,34075 9,53213 9,75064 9,99997 10,2869 10,6125 10,966 11,3475 11,7546 12,1882 12,6567 13,1628 13,6919 14,2339 14,7782 15,3195 15,8634 16,4076 16,9314 17,4044 17,8165 18,1453
8,73626 9,15156 9,53786 9,89789 10,233 10,5437 10,8129 11,0138 11,1881 11,3572 11,5254 11,6942 11,8589 11,9939 12,0175 11,8156 11,3873 10,8543 10,3039 9,77484 9,28204 8,83434 8,43909 8,10701 7,85827 7,71289 7,66806 7,70412 7,79779 7,92693 8,07498 8,22858 8,3785 8,51702 8,63935 8,74672 8,84497 8,93705 9,0271 9,12363 9,23532 9,37032 9,53203 9,72491 9,95453 10,2284 10,5485 10,906 11,2964 11,717 12,1677 12,6664 13,208 13,7832 14,3756 14,9704 15,5605 16,1491 16,7327 17,299 17,8091 18,2436 18,5929
8,78364 9,1984 9,58802 9,95169 10,2934 10,6246 10,9554 11,1018 11,2706 11,4484 11,6415 11,8569 12,0953 12,3476 12,5598 12,3804 11,7606 11,1086 10,489 9,91472 9,38609 8,90488 8,47316 8,10249 7,82573 7,68679 7,67956 7,75879 7,88941 8,05128 8,22759 8,40743 8,57958 8,73241 8,85685 8,95091 9,02496 9,08755 9,14867 9,21696 9,29944 9,40245 9,53165 9,69597 9,90306 10,1619 10,4772 10,8412 11,2472 11,6896 12,1731 12,7088 13,2961 13,9176 14,5658 15,2187 15,8613 16,4956 17,1198 17,7185 18,2539 18,7032 19,0619
8,90185 9,3043 9,68302 10,0307 10,354 10,6543 10,9133 11,1028 11,2717 11,4467 11,6449 11,8759 12,1451 12,4589 13,1352 13,079 11,9056 11,1982 10,556 9,96719 9,42781 8,93269 8,47755 8,06663 7,73835 7,61086 7,67794 7,81706 7,98759 8,17869 8,38225 8,58743 8,78367 8,9541 9,07836 9,15704 9,2015 9,23314 9,26378 9,30339 9,35722 9,43058 9,5295 9,66223 9,84294 10,0844 10,3964 10,7711 11,2033 11,6877 12,197 12,7743 13,4279 14,0952 14,7853 15,4922 16,1922 16,8826 17,5496 18,1749 18,7293 19,1876 19,5476
9,09001 9,47117 9,8212 10,1388 10,4214 10,6672 10,8722 11,0412 11,1905 11,344 11,5193 11,7245 11,9609 12,2099 12,3872 12,2201 11,6842 11,0729 10,4846 9,93428 9,42194 8,94304 8,49261 8,06626 7,49019 7,377 7,723 7,90757 8,10264 8,31017 8,53102 8,75937 8,98374 9,18111 9,31315 9,36408 9,37188 9,36922 9,37042 9,38211 9,40769 9,45089 9,5196 9,62232 9,77329 9,99382 10,3034 10,6988 11,1746 11,7112 12,2899 12,9157 13,5952 14,3067 15,0416 15,794 16,5518 17,2941 17,9991 18,6526 19,2292 19,6997 20,0547
9,32731 9,68421 10,0021 10,279 10,5097 10,693 10,8374 10,956 11,058 11,1624 11,285 11,433 11,5974 11,7384 11,7774 11,6185 11,2575 10,7951 10,3109 9,84047 9,39031 8,96298 8,55894 8,18267 7,8516 7,75343 7,88247 8,04976 8,2378 8,44242 8,66404 8,90327 9,15547 9,46902 9,63117 9,54204 9,51196 9,48428 9,46429 9,45363 9,45464 9,47073 9,50849 9,57774 9,69424 9,88694 10,193 10,6244 11,1529 11,7477 12,39 13,0702 13,7927 14,5505 15,3345 16,1375 16,9437 17,731 18,4714 19,1494 19,7421 20,2187 20,5667
9,60706 9,94611 10,2363 10,4669 10,6356 10,748 10,8164 10,8588 10,8861 10,9186 10,9694 11,0388 11,1158 11,1698 11,152 11,0178 10,7673 10,4369 10,0718 9,7031 9,34106 8,99158 8,66269 8,36945 8,15085 8,0648 8,10928 8,23017 8,38852 8,57041 8,77324 9,00121 9,25983 9,65226 9,83892 9,63356 9,59252 9,56006 9,53413 9,51384 9,50036 9,49735 9,50939 9,54278 9,60884 9,75165 10,0637 10,5529 11,1474 11,8028 12,5051 13,243 14,0146 14,8241 15,6649 16,5198 17,3669 18,195 18,973 19,6704 20,2653 20,7332 21,0592
9,93615 10,2688 10,533 10,7128 10,8064 10,8286 10,803 10,7461 10,6782 10,618 10,5783 10,5624 10,5613 10,5558 10,5175 10,4194 10,2583 10,0441 9,79858 9,53998 9,2783 9,01962 8,77339 8,55736 8,39822 8,32495 8,33857 8,41702 8,53724 8,68629 8,86318 9,06838 9,29018 9,49007 9,6044 9,62408 9,60901 9,58977 9,57329 9,55523 9,54101 9,53141 9,528 9,53276 9,54962 9,43683 9,72085 10,5247 11,1861 11,8929 12,6441 13,4346 14,2591 15,1247 16,0207 16,9248 17,8174 18,6852 19,4974 20,2134 20,8026 21,2434 21,5288
10,3145 10,6507 10,8952 11,0223 11,0267 10,9333 10,784 10,6025 10,4172 10,2514 10,1179 10,0197 9,95343 9,91057 9,87506 9,82584 9,74871 9,64366 9,51523 9,36792 9,20881 9,04147 8,87551 8,72573 8,61124 8,55173 8,54934 8,59538 8,67756 8,79247 8,9404 9,1126 9,28514 9,43542 9,53609 9,58423 9,59873 9,60048 9,59947 9,5956 9,58865 9,58292 9,58231 9,5889 9,61743 9,52355 9,82215 10,6391 11,3227 12,055 12,8364 13,6646 14,5334 15,4444 16,3819 17,3345 18,2812 19,1999 20,0478 20,7816 21,3551 21,7489 21,9713
10,7325 11,0846 11,3236 11,4017 11,2972 11,0477 10,7263 10,393 10,0837 9,81683 9,59714 9,42454 9,30339 9,23759 9,22298 9,2386 9,25433 9,25752 9,2408 9,2027 9,14403 9,06545 8,97324 8,8786 8,79709 8,74699 8,73267 8,7512 8,80538 8,89539 9,01663 9,15493 9,29397 9,42015 9,51911 9,58517 9,62365 9,64507 9,65513 9,66058 9,66203 9,66833 9,68361 9,72204 9,81087 9,99533 10,3532 10,8975 11,5602 12,3015 13,1043 13,9602 14,8623 15,8035 16,7758 17,7722 18,7728 19,7481 20,6403 21,3809 21,9212 22,2383 22,3714
11,161 11,5421 11,8028 11,8494 11,5938 11,1185 10,586 10,0894 9,66524 9,31339 9,02454 8,79206 8,62184 8,53909 8,56281 8,66662 8,79529 8,91291 9,00448 9,06445 9,09306 9,09257 9,06442 9,01587 8,96083 8,91682 8,8945 8,9051 8,9518 9,03001 9,13055 9,23979 9,35156 9,46 9,5583 9,63487 9,68593 9,71563 9,73183 9,74339 9,75174 9,7679 9,80392 9,88553 10,0356 10,285 10,6663 11,1886 11,8329 12,572 13,3858 14,2624 15,1894 16,1623 17,1775 18,2273 19,2972 20,3542 21,3197 22,0706 22,5264 22,7055 22,7026
11,5206 11,9241 12,2359 12,3146 11,8311 11,0366 10,2789 9,64456 9,14139 8,74377 8,41945 8,14789 7,93209 7,8236 7,90969 8,1419 8,40035 8,62932 8,81748 8,96224 9,06551 9,13041 9,15825 9,15347 9,12843 9,09995 9,08531 9,09814 9,14036 9,20914 9,28677 9,36861 9,45363 9,54008 9,62544 9,70001 9,75437 9,79027 9,81308 9,83023 9,84722 9,87106 9,93384 10,0517 10,2457 10,5348 10,9347 11,4525 12,083 12,8127 13,6292 14,5189 15,4592 16,4482 17,4941 18,5909 19,7376 20,9086 22,0181 22,839 23,1545 23,121 22,9407
11,7343 12,0766 12,3606 13,1937 11,8979 10,5962 9,67974 8,98166 8,46672 8,08572 7,78711 7,53038 7,29009 6,83978 7,17153 7,71022 8,09704 8,42404 8,69168 8,90556 9,07301 9,20296 9,29166 9,33366 9,33644 9,32492 9,3226 9,33657 9,37007 9,41622 9,46558 9,51886 9,57747 9,63929 9,70555 9,77379 9,83059 9,87153 9,8996 9,92141 9,94325 9,97768 10,0567 10,2009 10,4241 10,7361 11,145 11,6602 12,2762 12,9916 13,8059 14,7006 15,6518 16,6456 17,6984 18,8109 19,994 21,2538 22,5683 24,107 23,6554 23,3234 22,9879
11,7895 11,8858 11,8256 11,6362 10,7303 9,62254 8,72375 8,07926 7,64645 7,35875 7,15576 6,98423 6,81397 6,27839 6,77113 7,4668 7,92707 8,31605 8,63717 8,91047 9,1436 9,33967 9,48978 9,57211 9,59183 9,58961 9,58715 9,59534 9,61631 9,63899 9,66213 9,68667 9,71356 9,74911 9,7999 9,86242 9,9193 9,96124 9,98884 10,0071 10,0285 10,0736 10,1609 10,3186 10,5626 10,8912 11,3098 11,8166 12,4109 13,1023 13,9024 14,8003 15,7578 16,7488 17,781 18,8666 20,0174 21,2405 22,5296 24,195 23,5252 23,1212 22,7437
12,1409 11,3938 10,8497 10,1244 9,18205 8,21795 7,47307 7,0051 6,74643 6,61871 6,56255 6,54066 6,54951 6,65051 6,95788 7,41566 7,886 8,31489 8,68622 9,00719 9,28663 9,53499 9,75849 9,89534 9,86821 9,85815 9,85701 9,86621 9,87726 9,88304 9,88054 9,86845 9,85737 9,86429 9,9045 9,96348 10,018 10,0546 10,0752 10,0855 10,1081 10,1563 10,244 10,4032 10,658 11,0067 11,4411 11,9467 12,5148 13,1428 13,9144 14,84 15,796 16,7654 17,7551 18,766 19,808 20,8646 21,8561 22,5447 22,6901 22,4868 22,187
11,7617 10,601 9,72942 8,67534 7,53476 6,57034 6,02156 5,84139 5,8509 5,93414 6,0495 6,19566 6,38526 6,65223 7,02729 7,4927 7,97919 8,43193 8,83009 9,17815 9,4832 9,7506 10,0253 10,2345 10,1277 10,1211 10,1259 10,1412 10,1503 10,1451 10,1207 10,0767 10,0191 9,97772 10,0152 10,0776 10,1281 10,1575 10,1666 10,1709 10,1916 10,2332 10,3069 10,4509 10,7137 11,0941 11,5616 12,0835 12,6423 13,1332 13,8466 14,8778 15,8047 16,7215 17,6351 18,5454 19,441 20,2912 21,0222 21,5142 21,6924 21,6095 21,3976
10,2472 9,66614 8,67553 7,38185 5,93745 4,79378 4,50201 4,72621 5,05023 5,36169 5,65325 5,94769 6,27918 6,67855 7,15405 7,67433 8,18637 8,65124 9,05288 9,3928 9,68766 9,94173 10,1558 10,2959 10,3503 10,3739 10,3986 10,4214 10,4298 10,4166 10,3774 10,3104 10,2176 10,0795 10,1675 10,2261 10,2621 10,2779 10,2749 10,276 10,2911 10,3216 10,37 10,4703 10,7339 11,1824 11,701 12,254 12,8321 13,4434 14,1539 14,969 15,8118 16,6436 17,4575 18,2502 18,9981 19,6598 20,193 20,5427 20,6848 20,6365 20,4702
9,50579 8,95243 7,95121 6,53091 4,74951 1,91022 3,18118 3,95188 4,50333 4,9649 5,37826 5,7916 6,25105 6,7736 7,35323 7,94829 8,48942 8,93997 9,31271 9,62456 9,89021 10,1214 10,3189 10,4659 10,5642 10,6291 10,6757 10,7004 10,7036 10,6851 10,6402 10,5694 10,4825 10,4122 10,4055 10,4217 10,4296 10,4258 10,4162 10,4148 10,4254 10,4546 10,4962 10,4475 10,6565 11,3348 11,8933 12,473 13,0683 13,6926 14,3676 15,0919 15,8333 16,5569 17,2583 17,9265 18,5305 19,0344 19,4079 19,6321 19,7052 19,636 19,4687
9,08392 8,63219 7,74261 6,4024 4,73162 2,80449 3,24169 3,8296 4,34478 4,80047 5,24475 5,72723 6,28191 6,91958 7,61585 8,30524 8,86192 9,265 9,59034 9,86315 10,0944 10,3033 10,4886 10,6434 10,7702 10,8728 10,943 10,9761 10,9781 10,9585 10,9196 10,8613 10,7913 10,7301 10,6924 10,6688 10,6468 10,6247 10,6143 10,6156 10,636 10,6839 10,7619 10,8905 11,1725 11,6444 12,1895 12,7623 13,3506 13,9565 14,585 15,231 15,8734 16,4858 17,0657 17,6047 18,0736 18,4428 18,6839 18,7944 18,7792 18,648 18,4395
8,95674 8,70692 8,05266 6,9355 5,59908 4,54425 4,1674 4,27882 4,55654 4,89048 5,27174 5,73771 6,33404 7,05924 7,86985 8,90945 9,4883 9,59148 9,86247 10,0964 10,3039 10,4933 10,665 10,8227 10,9691 11,0912 11,1762 11,2264 11,2447 11,2321 11,1958 11,144 11,0801 11,0163 10,9584 10,9055 10,8566 10,8214 10,8119 10,8262 10,8709 10,956 11,0928 11,301 11,6154 12,0541 12,5743 13,1267 13,6949 14,2695 14,8449 15,4114 15,9503 16,4455 16,8995 17,305 17,6444 17,8939 18,0253 18,0302 17,9216 17,7049 17,4187
8,99518 9,02286 8,90332 7,81854 6,61275 5,68082 5,15462 4,98455 5,0324 5,19314 5,43666 5,80225 6,36648 7,14514 8,03362 8,9908 9,60053 9,85693 10,12 10,3291 10,5101 10,6775 10,834 10,9833 11,1239 11,247 11,342 11,4089 11,4487 11,4615 11,4455 11,4006 11,3379 11,2638 11,1838 11,1058 11,0328 10,9865 10,976 11,002 11,0738 11,1998 11,3878 11,6449 11,9906 12,4335 12,9471 13,4946 14,0548 14,6113 15,1455 15,6421 16,0899 16,4766 16,813 17,0963 17,3106 17,4415 17,4716 17,3849 17,1896 16,8838 16,4925
9,00341 9,21724 9,77127 8,51974 7,40747 6,58342 6,03112 5,73551 5,6214 5,61805 5,68602 5,85483 6,33716 7,20445 8,16 9,01681 9,65992 10,0809 10,356 10,5557 10,7074 10,8379 10,9653 11,0938 11,222 11,3394 11,4397 11,5233 11,5886 11,6313 11,6457 11,6248 11,5639 11,4769 11,3736 11,2626 11,1645 11,1047 11,0897 11,1241 11,2151 11,3732 11,6039 11,904 12,2871 12,7563 13,2837 13,841 14,4045 14,9558 15,4768 15,9443 16,3412 16,6594 16,9086 17,0901 17,1981 17,2227 17,1555 16,9854 16,7034 16,3123 15,8206
8,89644 9,08511 9,04066 8,57038 7,88468 7,25775 6,7821 6,45992 6,25781 6,13038 6,04501 5,80445 5,91603 7,36321 8,35035 9,19716 9,85247 10,3027 10,5911 10,7728 10,8893 10,9713 11,0516 11,1474 11,2599 11,3711 11,4751 11,5713 11,6593 11,7344 11,7842 11,7933 11,7508 11,656 11,5211 11,3714 11,2435 11,1582 11,1342 11,178 11,2878 11,4771 11,7475 12,0953 12,5277 13,0297 13,588 14,1797 14,7764 15,3544 15,8892 16,3536 16,7218 16,9885 17,168 17,2629 17,2696 17,1889 17,0249 16,776 16,4321 15,9884 15,4602
