data/test.txt
ncols 202
nrows 210
xllcenter 633644
yllcenter 633644
cellsize 50
nodata_value 3,40282e+038
[rows 0 to 27 of 210, columns 0 to 62 of 202]
3,40282e+038 3,40282e+038 3,40282e+038 3,40282e+038 3,40282e+038 3,40282e+038 3,40282e+038 3,40282e+038 3,40282e+038 3,40282e+038 3,40282e+038 3,40282e+038 3,40282e+038 3,40282e+038 3,40282e+038 3,40282e+038 3,40282e+038 3,40282e+038 3,40282e+038 3,40282e+038 3,40282e+038 3,40282e+038 3,40282e+038 3,40282e+038 3,40282e+038 3,40282e+038 3,40282e+038 3,40282e+038 3,40282e+038 3,40282e+038 3,40282e+038 3,40282e+038 3,40282e+038 3,40282e+038 3,40282e+038 3,40282e+038 3,40282e+038 3,40282e+038 3,40282e+038 3,40282e+038 3,40282e+038 3,40282e+038 3,40282e+038 3,40282e+038 3,40282e+038 3,40282e+038 3,40282e+038 3,40282e+038 3,40282e+038 3,40282e+038 3,40282e+038 3,40282e+038 3,40282e+038 3,40282e+038 3,40282e+038 3,40282e+038 3,40282e+038 3,40282e+038 3,40282e+038 3,40282e+038 3,40282e+038 3,40282e+038 3,40282e+038
3,40282e+038 3,40282e+038 3,40282e+038 3,40282e+038 3,40282e+038 3,40282e+038 3,40282e+038 3,40282e+038 3,40282e+038 3,40282e+038 3,40282e+038 3,40282e+038 3,40282e+038 3,40282e+038 3,40282e+038 3,40282e+038 3,40282e+038 3,40282e+038 3,40282e+038 3,40282e+038 3,40282e+038 3,40282e+038 3,40282e+038 3,40282e+038 3,40282e+038 3,40282e+038 3,40282e+038 3,40282e+038 3,40282e+038 3,40282e+038 3,40282e+038 3,40282e+038 3,40282e+038 3,40282e+038 3,40282e+038 3,40282e+038 3,40282e+038 3,40282e+038 3,40282e+038 3,40282e+038 3,40282e+038 3,40282e+038 3,40282e+038 3,40282e+038 3,40282e+038 3,40282e+038 3,40282e+038 3,40282e+038 3,40282e+038 3,40282e+038 3,40282e+038 3,40282e+038 3,40282e+038 3,40282e+038 3,40282e+038 3,40282e+038 3,40282e+038 3,40282e+038 3,40282e+038 3,40282e+038 3,40282e+038 3,40282e+038 3,40282e+038
3,40282e+038 3,40282e+038 3,40282e+038 3,40282e+038 3,40282e+038 3,40282e+038 3,40282e+038 3,40282e+038 3,40282e+038 3,40282e+038 3,40282e+038 3,40282e+038 3,40282e+038 3,40282e+038 3,40282e+038 3,40282e+038 3,40282e+038 3,40282e+038 3,40282e+038 3,40282e+038 3,40282e+038 3,40282e+038 3,40282e+038 3,40282e+038 3,40282e+038 3,40282e+038 3,40282e+038 3,40282e+038 3,40282e+038 3,40282e+038 3,40282e+038 3,40282e+038 3,40282e+038 3,40282e+038 3,40282e+038 3,40282e+038 3,40282e+038 3,40282e+038 3,40282e+038 3,40282e+038 3,40282e+038 3,40282e+038 3,40282e+038 3,40282e+038 3,40282e+038 3,40282e+038 3,40282e+038 3,40282e+038 3,40282e+038 3,40282e+038 3,40282e+038 3,40282e+038 3,40282e+038 3,40282e+038 3,40282e+038 3,40282e+038 3,40282e+038 3,40282e+038 3,40282e+038 3,40282e+038 3,40282e+038 3,40282e+038 3,40282e+038
3,40282e+038 3,40282e+038 3,40282e+038 3,40282e+038 3,40282e+038 3,40282e+038 3,40282e+038 3,40282e+038 3,40282e+038 3,40282e+038 3,40282e+038 3,40282e+038 3,40282e+038 3,40282e+038 3,40282e+038 3,40282e+038 3,40282e+038 3,40282e+038 3,40282e+038 3,40282e+038 3,40282e+038 3,40282e+038 3,40282e+038 3,40282e+038 3,40282e+038 3,40282e+038 3,40282e+038 3,40282e+038 3,40282e+038 3,40282e+038 3,40282e+038 3,40282e+038 3,40282e+038 3,40282e+038 3,40282e+038 3,40282e+038 3,40282e+038 3,40282e+038 3,40282e+038 3,40282e+038 3,40282e+038 3,40282e+038 3,40282e+038 3,40282e+038 3,40282e+038 3,40282e+038 3,40282e+038 3,40282e+038 3,40282e+038 3,40282e+038 3,40282e+038 3,40282e+038 3,40282e+038 3,40282e+038 3,40282e+038 3,40282e+038 3,40282e+038 3,40282e+038 3,40282e+038 3,40282e+038 3,40282e+038 3,40282e+038 3,40282e+038
3,40282e+038 3,40282e+038 3,40282e+038 3,40282e+038 3,40282e+038 3,40282e+038 3,40282e+038 3,40282e+038 3,40282e+038 3,40282e+038 3,40282e+038 3,40282e+038 3,40282e+038 3,40282e+038 3,40282e+038 3,40282e+038 3,40282e+038 3,40282e+038 3,40282e+038 3,40282e+038 3,40282e+038 3,40282e+038 3,40282e+038 3,40282e+038 3,40282e+038 3,40282e+038 3,40282e+038 3,40282e+038 3,40282e+038 3,40282e+038 3,40282e+038 3,40282e+038 3,40282e+038 3,40282e+038 3,40282e+038 3,40282e+038 3,40282e+038 3,40282e+038 3,40282e+038 3,40282e+038 3,40282e+038 3,40282e+038 3,40282e+038 3,40282e+038 3,40282e+038 3,40282e+038 3,40282e+038 3,40282e+038 3,40282e+038 3,40282e+038 3,40282e+038 3,40282e+038 3,40282e+038 3,40282e+038 3,40282e+038 3,40282e+038 3,40282e+038 3,40282e+038 3,40282e+038 3,40282e+038 3,40282e+038 3,40282e+038 3,40282e+038
3,40282e+038 3,40282e+038 3,40282e+038 3,40282e+038 3,40282e+038 3,40282e+038 3,40282e+038 3,40282e+038 3,40282e+038 3,40282e+038 3,40282e+038 3,40282e+038 3,40282e+038 3,40282e+038 3,40282e+038 3,40282e+038 3,40282e+038 3,40282e+038 3,40282e+038 3,40282e+038 3,40282e+038 3,40282e+038 3,40282e+038 3,40282e+038 3,40282e+038 3,40282e+038 3,40282e+038 3,40282e+038 3,40282e+038 3,40282e+038 3,40282e+038 3,40282e+038 3,40282e+038 3,40282e+038 3,40282e+038 3,40282e+038 3,40282e+038 3,40282e+038 3,40282e+038 3,40282e+038 3,40282e+038 3,40282e+038 3,40282e+038 3,40282e+038 3,40282e+038 3,40282e+038 3,40282e+038 3,40282e+038 3,40282e+038 3,40282e+038 3,40282e+038 3,40282e+038 3,40282e+038 3,40282e+038 3,40282e+038 3,40282e+038 3,40282e+038 3,40282e+038 3,40282e+038 3,40282e+038 3,40282e+038 3,40282e+038 3,40282e+038
3,40282e+038 3,40282e+038 3,40282e+038 3,40282e+038 3,40282e+038 3,40282e+038 3,40282e+038 3,40282e+038 3,40282e+038 3,40282e+038 3,40282e+038 3,40282e+038 3,40282e+038 3,40282e+038 3,40282e+038 3,40282e+038 3,40282e+038 3,40282e+038 3,40282e+038 3,40282e+038 3,40282e+038 3,40282e+038 3,40282e+038 3,40282e+038 3,40282e+038 3,40282e+038 3,40282e+038 3,40282e+038 3,40282e+038 3,40282e+038 3,40282e+038 3,40282e+038 3,40282e+038 3,40282e+038 3,40282e+038 3,40282e+038 3,40282e+038 3,40282e+038 3,40282e+038 3,40282e+038 3,40282e+038 3,40282e+038 3,40282e+038 3,40282e+038 3,40282e+038 3,40282e+038 3,40282e+038 3,40282e+038 3,40282e+038 3,40282e+038 3,40282e+038 3,40282e+038 3,40282e+038 3,40282e+038 3,40282e+038 3,40282e+038 3,40282e+038 3,40282e+038 3,40282e+038 3,40282e+038 3,40282e+038 3,40282e+038 3,40282e+038
3,40282e+038 3,40282e+038 3,40282e+038 3,40282e+038 3,40282e+038 3,40282e+038 3,40282e+038 3,40282e+038 3,40282e+038 3,40282e+038 3,40282e+038 3,40282e+038 3,40282e+038 3,40282e+038 3,40282e+038 3,40282e+038 3,40282e+038 11,6272 11,738 11,837 11,924 11,9997 3,40282e+038 3,40282e+038 3,40282e+038 3,40282e+038 3,40282e+038 3,40282e+038 3,40282e+038 3,40282e+038 3,40282e+038 3,40282e+038 3,40282e+038 3,40282e+038 3,40282e+038 3,40282e+038 3,40282e+038 3,40282e+038 3,40282e+038 3,40282e+038 3,40282e+038 3,40282e+038 3,40282e+038 3,40282e+038 3,40282e+038 3,40282e+038 3,40282e+038 3,40282e+038 3,40282e+038 3,40282e+038 3,40282e+038 3,40282e+038 3,40282e+038 3,40282e+038 3,40282e+038 3,40282e+038 3,40282e+038 3,40282e+038 3,40282e+038 3,40282e+038 3,40282e+038 3,40282e+038 3,40282e+038
3,40282e+038 3,40282e+038 3,40282e+038 3,40282e+038 3,40282e+038 3,40282e+038 3,40282e+038 3,40282e+038 3,40282e+038 3,40282e+038 3,40282e+038 3,40282e+038 3,40282e+038 3,40282e+038 3,40282e+038 3,40282e+038 11,4537 11,579 11,6945 11,7984 11,8925 11,9768 12,051 12,112 12,1592 3,40282e+038 3,40282e+038 3,40282e+038 3,40282e+038 3,40282e+038 3,40282e+038 3,40282e+038 3,40282e+038 3,40282e+038 3,40282e+038 3,40282e+038 3,40282e+038 3,40282e+038 3,40282e+038 3,40282e+038 3,40282e+038 3,40282e+038 3,40282e+038 3,40282e+038 3,40282e+038 3,40282e+038 3,40282e+038 3,40282e+038 3,40282e+038 3,40282e+038 3,40282e+038 3,40282e+038 3,40282e+038 3,40282e+038 3,40282e+038 3,40282e+038 3,40282e+038 3,40282e+038 3,40282e+038 3,40282e+038 3,40282e+038 3,40282e+038 3,40282e+038
3,40282e+038 3,40282e+038 3,40282e+038 3,40282e+038 3,40282e+038 3,40282e+038 3,40282e+038 3,40282e+038 3,40282e+038 3,40282e+038 3,40282e+038 3,40282e+038 3,40282e+038 3,40282e+038 3,40282e+038 3,40282e+038 11,3896 11,5196 11,642 11,7544 11,857 11,9498 12,0302 12,0966 12,1489 12,1872 3,40282e+038 3,40282e+038 3,40282e+038 3,40282e+038 3,40282e+038 3,40282e+038 3,40282e+038 3,40282e+038 3,40282e+038 3,40282e+038 3,40282e+038 3,40282e+038 3,40282e+038 3,40282e+038 3,40282e+038 3,40282e+038 3,40282e+038 3,40282e+038 3,40282e+038 3,40282e+038 3,40282e+038 3,40282e+038 3,40282e+038 3,40282e+038 3,40282e+038 3,40282e+038 3,40282e+038 3,40282e+038 3,40282e+038 3,40282e+038 3,40282e+038 3,40282e+038 10,7412 10,7324 10,7307 10,7363 10,7491
3,40282e+038 3,40282e+038 3,40282e+038 3,40282e+038 3,40282e+038 3,40282e+038 3,40282e+038 3,40282e+038 3,40282e+038 3,40282e+038 3,40282e+038 3,40282e+038 3,40282e+038 3,40282e+038 3,40282e+038 3,40282e+038 11,3147 11,4545 11,5855 11,7065 11,8177 11,9176 12,0035 12,0752 12,1328 12,1763 12,2058 12,2213 3,40282e+038 3,40282e+038 3,40282e+038 3,40282e+038 3,40282e+038 3,40282e+038 3,40282e+038 3,40282e+038 3,40282e+038 3,40282e+038 3,40282e+038 3,40282e+038 3,40282e+038 3,40282e+038 3,40282e+038 3,40282e+038 3,40282e+038 3,40282e+038 3,40282e+038 3,40282e+038 3,40282e+038 3,40282e+038 3,40282e+038 3,40282e+038 3,40282e+038 10,9083 10,8647 10,8278 10,7978 10,7747 10,7585 10,7492 10,7468 10,7515 10,7624
3,40282e+038 3,40282e+038 3,40282e+038 3,40282e+038 3,40282e+038 3,40282e+038 3,40282e+038 3,40282e+038 3,40282e+038 3,40282e+038 3,40282e+038 3,40282e+038 3,40282e+038 3,40282e+038 3,40282e+038 3,40282e+038 11,2369 11,3858 11,5252 11,6549 11,7743 11,8803 11,9723 12,0503 12,1139 12,1633 12,1984 12,2192 12,2264 12,2234 3,40282e+038 3,40282e+038 3,40282e+038 3,40282e+038 3,40282e+038 3,40282e+038 3,40282e+038 3,40282e+038 3,40282e+038 3,40282e+038 3,40282e+038 3,40282e+038 3,40282e+038 3,40282e+038 3,40282e+038 3,40282e+038 3,40282e+038 3,40282e+038 3,40282e+038 3,40282e+038 11,0931 11,0309 10,9749 10,9253 10,8822 10,8465 10,8179 10,7962 10,781 10,7725 10,7704 10,7738 10,7823
3,40282e+038 3,40282e+038 3,40282e+038 3,40282e+038 3,40282e+038 3,40282e+038 3,40282e+038 3,40282e+038 3,40282e+038 3,40282e+038 3,40282e+038 3,40282e+038 3,40282e+038 3,40282e+038 3,40282e+038 3,40282e+038 11,156 11,3138 11,4622 11,6013 11,7282 11,8411 11,9397 12,024 12,0938 12,149 12,1889 12,2127 12,2235 12,2245 12,2167 12,2043 3,40282e+038 3,40282e+038 3,40282e+038 3,40282e+038 3,40282e+038 3,40282e+038 3,40282e+038 3,40282e+038 3,40282e+038 3,40282e+038 3,40282e+038 3,40282e+038 3,40282e+038 3,40282e+038 3,40282e+038 11,3248 11,2478 11,1762 11,1096 11,0479 10,9919 10,9424 10,9 10,8648 10,8367 10,8155 10,8011 10,7936 10,791 10,792 10,7963
3,40282e+038 3,40282e+038 3,40282e+038 3,40282e+038 3,40282e+038 3,40282e+038 3,40282e+038 3,40282e+038 3,40282e+038 3,40282e+038 3,40282e+038 3,40282e+038 3,40282e+038 3,40282e+038 3,40282e+038 3,40282e+038 11,0733 11,241 11,3994 11,5471 11,681 11,8006 11,9058 11,9965 12,0723 12,1309 12,1727 12,199 12,2132 12,2169 12,2142 12,2071 12,1958 12,1802 3,40282e+038 3,40282e+038 3,40282e+038 3,40282e+038 3,40282e+038 3,40282e+038 3,40282e+038 3,40282e+038 3,40282e+038 3,40282e+038 11,573 11,4871 11,4019 11,3221 11,2489 11,1812 11,1188 11,0612 11,0082 10,9602 10,9187 10,8842 10,8566 10,8356 10,8211 10,8102 10,8026 10,7984 10,7982
3,40282e+038 3,40282e+038 3,40282e+038 3,40282e+038 3,40282e+038 3,40282e+038 3,40282e+038 3,40282e+038 3,40282e+038 3,40282e+038 3,40282e+038 3,40282e+038 3,40282e+038 3,40282e+038 3,40282e+038 3,40282e+038 10,9935 11,1692 11,337 11,492 11,6328 11,7592 11,8709 11,9674 12,045 12,105 12,1478 12,175 12,1909 12,1981 12,2007 12,1991 12,1931 12,1827 12,1678 12,1481 12,1197 12,0815 12,0337 11,9766 11,9097 11,8307 11,7419 11,6507 11,5586 11,4682 11,3853 11,3095 11,2401 11,1767 11,1187 11,0656 11,0177 10,9752 10,9377 10,9047 10,8777 10,8563 10,8379 10,8227 10,8106 10,802 10,7972
3,40282e+038 3,40282e+038 3,40282e+038 3,40282e+038 3,40282e+038 3,40282e+038 3,40282e+038 3,40282e+038 3,40282e+038 3,40282e+038 3,40282e+038 3,40282e+038 3,40282e+038 3,40282e+038 3,40282e+038 3,40282e+038 10,9201 11,1021 11,2751 11,436 11,5837 11,7169 11,8337 11,9302 12,0075 12,0673 12,1099 12,1384 12,1564 12,1688 12,1768 12,1804 12,1796 12,1739 12,1631 12,1437 12,1142 12,0747 12,0255 11,9667 11,896 11,8124 11,7178 11,6202 11,5261 11,439 11,3593 11,2869 11,2216 11,1628 11,1096 11,0615 11,0197 10,9847 10,9561 10,9325 10,911 10,8897 10,8702 10,8529 10,8381 10,8258 10,8169
3,40282e+038 3,40282e+038 3,40282e+038 3,40282e+038 3,40282e+038 3,40282e+038 3,40282e+038 3,40282e+038 3,40282e+038 3,40282e+038 3,40282e+038 3,40282e+038 3,40282e+038 3,40282e+038 3,40282e+038 3,40282e+038 10,8531 11,041 11,2179 11,3826 11,5347 11,6702 11,7851 11,8801 11,9573 12,0169 12,0596 12,0896 12,1116 12,1292 12,1424 12,1506 12,1533 12,1511 12,1411 12,1206 12,0898 12,049 11,9981 11,9365 11,8613 11,773 11,6736 11,577 11,4861 11,4013 11,3234 11,2543 11,1938 11,1418 11,0977 11,0613 11,0324 11,01 10,9921 10,9761 10,96 10,9434 10,9255 10,907 10,8895 10,8727 10,8573
3,40282e+038 3,40282e+038 3,40282e+038 3,40282e+038 3,40282e+038 3,40282e+038 3,40282e+038 3,40282e+038 3,40282e+038 3,40282e+038 3,40282e+038 3,40282e+038 3,40282e+038 3,40282e+038 3,40282e+038 3,40282e+038 10,7927 10,9853 11,166 11,3335 11,4832 11,613 11,7237 11,8177 11,8947 11,9542 11,9974 12,0298 12,0569 12,0789 12,0953 12,1062 12,1126 12,112 12,1008 12,0791 12,047 12,0046 11,9518 11,8861 11,8064 11,7159 11,6206 11,5277 11,4394 11,3552 11,2793 11,2191 11,1724 11,1343 11,1037 11,0815 11,0669 11,0565 11,0488 11,0416 11,0338 11,0241 11,0108 10,9931 10,9711 10,9472 10,9234
3,40282e+038 3,40282e+038 3,40282e+038 3,40282e+038 3,40282e+038 3,40282e+038 3,40282e+038 3,40282e+038 3,40282e+038 3,40282e+038 3,40282e+038 3,40282e+038 3,40282e+038 3,40282e+038 3,40282e+038 3,40282e+038 10,7387 10,9346 11,1166 11,2804 11,4241 11,5484 11,6557 11,7466 11,8212 11,8796 11,9238 11,9598 11,9899 12,0143 12,0333 12,048 12,0568 12,0552 12,0427 12,0197 11,9861 11,942 11,8862 11,8161 11,7366 11,6519 11,5618 11,4733 11,3915 11,3167 11,2424 11,2006 11,1747 11,1532 11,1401 11,1345 11,1329 11,1346 11,1374 11,1385 11,1363 11,1302 11,1191 11,1026 11,0801 11,0516 11,0192
3,40282e+038 3,40282e+038 3,40282e+038 3,40282e+038 3,40282e+038 3,40282e+038 3,40282e+038 3,40282e+038 3,40282e+038 3,40282e+038 3,40282e+038 3,40282e+038 3,40282e+038 3,40282e+038 3,40282e+038 3,40282e+038 10,6888 10,8849 11,0626 11,2203 11,3581 11,4784 11,5823 11,6702 11,7417 11,797 11,8393 11,8759 11,9078 11,9346 11,9572 11,9749 11,9829 11,9799 11,9661 11,9415 11,9063 11,8602 11,8006 11,7328 11,6595 11,5821 11,5039 11,4294 11,3633 11,3063 11,26 11,2307 11,2159 11,2108 11,2133 11,2202 11,2309 11,2416 11,2506 11,2569 11,2597 11,2577 11,25 11,2355 11,2128 11,1821 11,1454
3,40282e+038 3,40282e+038 3,40282e+038 3,40282e+038 3,40282e+038 3,40282e+038 3,40282e+038 3,40282e+038 3,40282e+038 3,40282e+038 3,40282e+038 3,40282e+038 3,40282e+038 3,40282e+038 3,40282e+038 3,40282e+038 10,6395 10,8309 11,0023 11,1538 11,2867 11,4034 11,5039 11,5883 11,6555 11,7052 11,7455 11,7812 11,8129 11,8414 11,8665 11,884 11,8905 11,886 11,8708 11,8446 11,8076 11,759 11,703 11,6432 11,5835 11,5246 11,4664 11,4126 11,3675 11,3318 11,3069 11,2946 11,2946 11,3034 11,3174 11,3337 11,351 11,3676 11,3827 11,3936 11,3981 11,3954 11,3847 11,3652 11,3379 11,3031 11,2606
3,40282e+038 3,40282e+038 3,40282e+038 3,40282e+038 3,40282e+038 3,40282e+038 3,40282e+038 3,40282e+038 3,40282e+038 3,40282e+038 3,40282e+038 3,40282e+038 3,40282e+038 3,40282e+038 3,40282e+038 3,40282e+038 10,5864 10,7713 10,936 11,0814 11,2101 11,3228 11,4192 11,4979 11,5588 11,6038 11,6428 11,678 11,7103 11,7397 11,7638 11,7777 11,7812 11,7744 11,7572 11,7294 11,6911 11,6481 11,606 11,567 11,531 11,4966 11,4612 11,4292 11,4055 11,3907 11,3857 11,3911 11,4042 11,4212 11,4414 11,4632 11,4814 11,4957 11,5058 11,511 11,5105 11,5034 11,4887 11,4675 11,4394 11,4032 11,3586
3,40282e+038 3,40282e+038 3,40282e+038 3,40282e+038 3,40282e+038 3,40282e+038 3,40282e+038 3,40282e+038 3,40282e+038 3,40282e+038 3,40282e+038 3,40282e+038 3,40282e+038 3,40282e+038 3,40282e+038 3,40282e+038 10,5277 10,7053 10,863 11,0034 11,1279 11,2357 11,3255 11,3976 11,452 11,4938 11,5318 11,5673 11,6002 11,6297 11,6502 11,6605 11,6606 11,6504 11,6298 11,5995 11,5719 11,5501 11,5335 11,5209 11,5108 11,5003 11,4882 11,4783 11,4762 11,4821 11,4962 11,5131 11,5311 11,5465 11,5598 11,5709 11,5796 11,5864 11,5907 11,5917 11,5879 11,5787 11,5646 11,545 11,5194 11,4875 11,4483
3,40282e+038 3,40282e+038 3,40282e+038 3,40282e+038 3,40282e+038 3,40282e+038 3,40282e+038 3,40282e+038 3,40282e+038 3,40282e+038 3,40282e+038 3,40282e+038 3,40282e+038 3,40282e+038 3,40282e+038 3,40282e+038 10,4629 10,633 10,7846 10,9203 11,0389 11,1394 11,2223 11,2876 11,3361 11,3761 11,4139 11,4496 11,483 11,5098 11,5265 11,5331 11,5297 11,516 11,4952 11,4837 11,4822 11,487 11,4967 11,5099 11,5242 11,5373 11,5482 11,5606 11,5798 11,6033 11,62 11,6284 11,6315 11,6315 11,6299 11,6275 11,6257 11,6247 11,6244 11,6235 11,6207 11,6166 11,6101 11,6003 11,5857 11,5654 11,5396
3,40282e+038 3,40282e+038 3,40282e+038 3,40282e+038 3,40282e+038 3,40282e+038 3,40282e+038 3,40282e+038 3,40282e+038 3,40282e+038 3,40282e+038 3,40282e+038 3,40282e+038 3,40282e+038 3,40282e+038 3,40282e+038 3,40282e+038 10,5551 10,7014 10,8301 10,9409 11,0341 11,11 11,1687 11,2125 11,2519 11,2896 11,3253 11,3575 11,3802 11,393 11,3959 11,3891 11,3814 11,3854 11,4027 11,4285 11,4605 11,4971 11,5364 11,5751 11,6108 11,6426 11,6726 11,6953 11,706 11,705 11,6958 11,6811 11,6638 11,6464 11,6324 11,6238 11,6206 11,6212 11,6238 11,6285 11,6344 11,6394 11,6427 11,643 11,6392 11,6308
3,40282e+038 3,40282e+038 3,40282e+038 3,40282e+038 3,40282e+038 3,40282e+038 3,40282e+038 3,40282e+038 3,40282e+038 3,40282e+038 3,40282e+038 3,40282e+038 3,40282e+038 3,40282e+038 3,40282e+038 3,40282e+038 3,40282e+038 10,4724 10,6108 10,7315 10,8346 10,9204 10,9893 11,0417 11,0832 11,1219 11,159 11,1945 11,2227 11,2412 11,25 11,2519 11,2583 11,2766 11,3103 11,3563 11,4101 11,4694 11,5313 11,5926 11,6514 11,7055 11,743 11,7637 11,7708 11,7636 11,7446 11,7187 11,689 11,6572 11,6271 11,6035 11,5899 11,5863 11,5904 11,6017 11,6178 11,6371 11,6574 11,6772 11,6946 11,7075 11,715
3,40282e+038 3,40282e+038 3,40282e+038 3,40282e+038 3,40282e+038 3,40282e+038 3,40282e+038 3,40282e+038 3,40282e+038 3,40282e+038 3,40282e+038 3,40282e+038 3,40282e+038 3,40282e+038 3,40282e+038 3,40282e+038 3,40282e+038 10,3827 10,5125 10,625 10,7204 10,799 10,861 10,9085 10,9482 10,9858 11,0224 11,0554 11,079 11,0931 11,106 11,1258 11,1568 11,2051 11,2688 11,3413 11,4191 11,5008 11,5842 11,6656 11,7341 11,782 11,8077 11,8137 11,8049 11,7841 11,7536 11,7156 11,6716 11,6239 11,5783 11,5428 11,5245 11,5239 11,539 11,5644 11,5957 11,6297 11,6636 11,6962 11,7264 11,7526 11,7735
3,40282e+038 3,40282e+038 3,40282e+038 3,40282e+038 3,40282e+038 3,40282e+038 3,40282e+038 3,40282e+038 3,40282e+038 3,40282e+038 3,40282e+038 3,40282e+038 3,40282e+038 3,40282e+038 3,40282e+038 3,40282e+038 3,40282e+038 10,2858 10,4071 10,5114 10,5991 10,6703 10,7263 10,77 10,8078 10,8443 10,8796 10,9077 10,9275 10,9513 10,9833 11,0258 11,0863 11,1611 11,2483 11,3432 11,4436 11,548 11,6452 11,7257 11,7846 11,8213 11,8363 11,8322 11,8143 11,7837 11,7428 11,6928 11,6337 11,5683 11,5029 11,4508 11,4309 11,4451 11,4772 11,5155 11,5564 11,5985 11,6415 11,6847 11,7274 11,7674 11,8018
