data/test.txt
ncols 202
nrows 210
xllcenter 633644
yllcenter 633644
cellsize 50
nodata_value 3,40282e+038
[rows 140 to 167 of 210, columns 63 to 125 of 202]
10,416 10,4047 10,25 9,78647 8,73001 7,21791 8,19003 8,49355 8,69378 8,83513 8,94442 9,02854 9,08295 9,10562 9,07601 9,00675 8,92809 8,86177 8,81806 8,79741 8,80096 8,82267 8,86074 8,91466 8,9971 9,10434 9,22205 9,33965 9,4324 9,4751 9,44861 9,34499 9,17963 9,03922 9,24394 10,4428 12,468 14,5699 16,3181 17,4724 17,9825 18,0037 17,7589 17,4112 17,053 16,6829 16,7051 16,832 17,0157 17,2693 17,6121 18,0558 18,6069 19,2766 20,1633 21,353 19,2427 18,4348 18,0266 17,8256 17,8016 17,9657 18,3544
11,3774 11,5049 11,5684 11,3544 10,3261 8,38272 9,34767 9,48206 9,57126 9,64157 9,71184 9,78388 9,83995 9,86491 9,83347 9,76215 9,68 9,60686 9,57949 9,5708 9,58862 9,63331 9,7022 9,7953 9,91884 10,0737 10,247 10,4334 10,6158 10,7773 10,9111 11,0201 11,1356 11,3646 11,9115 12,9682 14,4358 15,9873 17,2797 18,1085 18,4444 18,3942 18,1134 17,7482 17,392 17,1279 17,0246 17,0703 17,2231 17,4767 17,8384 18,3068 18,8701 19,5199 20,2099 20,5207 19,5133 18,5961 17,9445 17,4994 17,2108 17,0411 16,9073
12,246 12,5346 12,9059 13,6559 13,8411 11,7179 11,003 10,7015 10,5713 10,5218 10,5257 10,57 10,6236 10,6523 10,6148 10,5308 10,4456 10,3777 10,351 10,3568 10,3975 10,4717 10,5742 10,7061 10,873 11,0799 11,3291 11,605 11,9014 12,2118 12,5347 12,8704 13,2408 13,7106 14,3827 15,3155 16,4546 17,6233 18,5428 19,0146 19,0653 18,838 18,4594 18,0363 17,6528 17,3623 17,2077 17,1965 17,3167 17,5559 17,9031 18,3412 18,8325 19,3224 19,6778 19,6194 19,039 18,2455 17,4988 16,8692 16,3286 15,8193 15,197
12,9242 13,3045 13,8187 14,9216 15,5499 13,2186 12,3383 11,8102 11,5133 11,3605 11,3039 11,3188 11,3824 11,4392 11,3917 11,2789 11,1866 11,1299 11,1084 11,1338 11,2035 11,3142 11,457 11,6348 11,8541 12,1195 12,452 12,8247 13,2461 13,7142 14,224 14,7686 15,3456 15,9604 16,6477 17,4396 18,354 19,3041 19,9881 20,0462 19,7248 19,2637 18,7521 18,2433 17,7991 17,4632 17,2647 17,2157 17,3075 17,5295 17,8539 18,2398 18,6356 18,9633 19,1064 18,9167 18,3757 17,6264 16,8192 16,0472 15,319 14,605 13,8359
13,3817 13,7468 14,1865 14,5188 14,3937 13,8021 13,1471 12,6306 12,2808 12,0731 11,9779 11,9749 12,0502 12,3054 12,1583 11,9599 11,8735 11,8403 11,8485 11,9023 12,0052 12,1498 12,3344 12,5636 12,849 13,1885 13,5858 14,0521 14,5894 15,2001 15,8809 16,6205 17,3778 18,0814 18,7 19,2875 19,9579 20,7312 21,6901 20,9166 20,236 19,5646 18,9182 18,3235 17,8208 17,4491 17,2238 17,1429 17,2112 17,4273 17,7413 18,086 18,3979 18,6037 18,6032 18,3055 17,7265 16,9486 16,0658 15,1686 14,3134 13,5271 12,8359
13,6517 13,9526 14,2691 14,4487 14,3417 14,0095 13,5799 13,1674 12,8446 12,6305 12,5184 12,4979 12,552 12,6407 12,6117 12,5302 12,4916 12,5054 12,5623 12,6562 12,7944 12,9748 13,1948 13,4579 13,8181 14,2245 14,6916 15,2351 15,865 16,59 17,4151 18,3371 19,291 20,0776 20,5208 20,7953 21,1144 21,4873 21,6677 21,1754 20,4276 19,6527 18,9129 18,2579 17,7325 17,3496 17,1165 17,0104 17,05 17,2871 17,6214 17,9492 18,207 18,3224 18,2157 17,8271 17,1816 16,3366 15,3595 14,3358 13,3684 12,5631 12,0274
13,7858 14,0358 14,2623 14,3645 14,2842 14,0785 13,7998 13,4943 13,2274 13,0338 12,9217 12,8867 12,9129 12,9628 12,9882 12,9981 13,0328 13,113 13,2321 13,3829 13,5646 13,7867 14,0436 14,3271 14,7549 15,2118 15,7283 16,3263 17,0174 17,8137 18,7311 19,7877 20,9775 22,3848 22,022 21,8939 21,8372 21,7886 21,5792 21,0692 20,3389 19,532 18,7472 18,0633 17,5387 17,1874 16,9853 16,8886 16,7924 17,1799 17,5664 17,8933 18,1183 18,1676 17,9822 17,5209 16,8051 15,8822 14,8039 13,6423 12,5295 11,6641 11,2823
13,8152 14,0471 14,2349 14,299 14,2269 14,0831 13,901 13,6792 13,4683 13,3047 13,2039 13,1669 13,1849 13,2417 13,3157 13,3973 13,5065 13,656 13,842 14,058 14,2974 14,5674 14,8788 15,2406 15,6631 16,1428 16,6824 17,3008 18,0089 18,8192 19,7483 20,8039 21,9856 23,5455 22,8104 22,4777 22,1811 21,866 21,4432 20,8503 20,1078 19,2831 18,4592 17,7469 17,2449 16,9763 16,8782 16,881 16,9876 17,2775 17,637 17,9554 18,1576 18,1745 17,9372 17,4207 16,6498 15,6671 14,5072 13,2168 11,8995 10,814 10,5346
13,7478 13,985 14,1757 14,2449 14,1811 14,057 13,9246 13,7613 13,5961 13,4615 13,3763 13,3474 13,3728 13,4495 13,5735 13,7236 13,9062 14,1276 14,3881 14,677 14,9864 15,3127 15,674 16,0753 16,517 17,0027 17,5411 18,1465 18,828 19,5915 20,4358 21,3364 22,2066 22,7902 22,8436 22,5894 22,2246 21,7885 21,2591 20,6115 19,8502 18,9962 18,113 17,335 16,8625 16,7472 16,8215 16,9755 17,1929 17,4909 17,83 18,1338 18,3365 18,3619 18,1092 17,5469 16,7397 15,7426 14,5725 13,2442 11,7696 9,29966 8,05923
13,6079 13,8519 14,0557 14,1446 14,1108 14,0065 13,8957 13,759 13,6257 13,5157 13,4476 13,4329 13,4765 13,5832 13,754 13,9684 14,2276 14,5303 14,8725 15,2413 15,6277 16,0243 16,4285 16,852 17,3015 17,7763 18,2864 18,8449 19,459 20,1296 20,8397 21,547 22,1642 22,5457 22,6143 22,4288 22,0853 21,633 21,0796 20,4217 19,6537 18,7834 17,8377 16,7178 16,1157 16,5986 16,8749 17,1638 17,4655 17,7828 18,108 18,4009 18,6214 18,7495 18,5967 17,8733 17,0572 16,1149 15,0548 13,8779 12,5952 10,6087 9,81439
13,4264 13,6779 13,8885 13,9926 13,9826 13,8968 13,8102 13,6902 13,5651 13,4646 13,4115 13,4141 13,4803 13,6201 13,8355 14,1145 14,4515 14,8407 15,2758 15,7384 16,21 16,6769 17,1247 17,5565 17,995 18,4396 18,8999 19,3896 19,9171 20,4768 21,0462 21,5822 22,0181 22,2737 22,3228 22,1762 21,8746 21,4549 20,93 20,3026 19,5719 18,7424 17,8314 16,4773 15,7418 16,7661 17,1307 17,4802 17,816 18,1388 18,4413 18,7137 18,9303 19,1575 19,1752 18,2798 17,5406 16,739 15,8972 15,0452 14,2672 13,7989 14,0765
13,212 13,4709 13,698 13,8155 13,7993 13,7173 13,6476 13,5537 13,4438 13,3403 13,2798 13,287 13,3737 13,5483 13,8084 14,1463 14,5623 15,0468 15,5878 16,1597 16,7304 17,2705 17,7573 18,1907 18,5938 18,9903 19,3849 19,7952 20,2288 20,678 21,1218 21,5254 21,8349 22,0116 22,0408 21,9206 21,667 21,3006 20,8343 20,2714 19,6213 18,9037 18,1583 17,5016 17,2008 17,3169 17,5974 17,9122 18,2275 18,5314 18,8039 19,0335 19,2021 19,253 19,0912 18,6649 18,1094 17,5208 16,9535 16,4764 16,2 16,3057 16,9091
12,9602 13,2257 13,4718 13,6528 13,5713 13,4808 13,4155 13,3433 13,2501 13,1527 13,0816 13,0759 13,1717 13,38 13,6824 14,0729 14,5674 15,1554 15,8131 16,5062 17,1874 17,8064 18,3267 18,7474 19,1012 19,4298 19,7517 20,0833 20,4303 20,785 21,1275 21,4297 21,6485 21,7755 21,7959 21,7011 21,4958 21,1941 20,803 20,3292 19,7892 19,2157 18,659 18,211 17,9877 18,0054 18,1753 18,4143 18,6781 18,9368 19,169 19,3555 19,47 19,4824 19,3573 19,0839 18,7358 18,3817 18,0865 17,9286 18,0155 18,483 19,7747
12,6818 12,939 13,1636 13,286 13,285 13,2159 13,1522 13,0885 12,9981 12,8965 12,8089 12,7951 12,917 13,1593 13,4895 13,9142 14,4682 15,1605 15,9456 16,7727 17,5815 18,2925 18,8364 19,2228 19,5204 19,7771 20,0298 20,2899 20,5588 20,8311 21,0909 21,3114 21,4747 21,5756 21,5957 21,5283 21,3744 21,1422 20,8349 20,4629 20,0443 19,6129 19,2117 18,8982 18,7181 18,6839 18,7715 18,937 19,1366 19,3392 19,5248 19,6723 19,7579 19,7766 19,7098 19,5706 19,4034 19,2564 19,186 19,2582 19,5495 20,1291 21,0315
12,4141 12,6544 12,8591 12,9769 13,0009 12,9565 12,8919 12,8362 12,7469 12,6314 12,5068 12,3426 12,627 12,9441 13,2925 13,7048 14,275 15,0742 16,0004 16,9668 17,922 18,764 19,3106 19,6127 19,8365 20,0359 20,2286 20,4268 20,6288 20,8323 21,0266 21,1886 21,3208 21,4085 21,4381 21,4035 21,3035 21,141 20,9209 20,6532 20,3548 20,0514 19,7687 19,5369 19,3806 19,3167 19,3429 19,4387 19,5726 19,7203 19,8644 19,984 20,0656 20,1194 20,1261 20,1022 20,084 20,1039 20,2024 20,4248 20,8057 21,3509 21,9955
12,1736 12,3952 12,5882 12,7111 12,7553 12,7353 12,6759 12,6299 12,5529 12,4499 12,3305 12,1034 12,4705 12,8107 13,1529 13,4884 13,8105 14,9817 16,0243 17,0815 18,1468 19,5593 19,8477 19,85 20,0159 20,1788 20,3377 20,494 20,6487 20,8031 20,9462 21,0714 21,1842 21,2706 21,3181 21,32 21,2723 21,178 21,0447 20,8799 20,6964 20,5015 20,3037 20,1207 19,9757 19,8886 19,8687 19,9036 19,9776 20,0768 20,1869 20,2843 20,3767 20,4776 20,5644 20,6506 20,7551 20,9039 21,1182 21,423 21,8288 22,3244 22,8691
11,9642 12,1672 12,3514 12,4834 12,5488 12,5574 12,5189 12,4894 12,4405 12,3757 12,3228 12,3464 12,5235 12,8122 13,15 13,5058 13,8859 15,0129 16,0578 17,1114 18,1419 19,1591 19,6471 19,8493 20,0353 20,1999 20,3511 20,4931 20,6233 20,7459 20,8544 20,9588 21,0591 21,1562 21,2266 21,2642 21,2661 21,2383 21,1885 21,1202 21,0395 20,941 20,813 20,6563 20,5078 20,4021 20,3448 20,3314 20,3549 20,4067 20,4771 20,5579 20,6766 20,8264 20,9894 21,17 21,3753 21,6141 21,9059 22,2632 22,6857 23,1615 23,6728
11,7852 11,9755 12,157 12,3038 12,3945 12,435 12,4276 12,4173 12,403 12,381 12,3848 12,4622 12,6446 12,9243 13,2806 13,7302 14,3399 15,1592 16,1001 17,0666 17,9864 18,7735 19,3302 19,6799 19,9267 20,1199 20,281 20,4217 20,5497 20,656 20,7509 20,8464 20,9406 21,0625 21,1563 21,2268 21,2744 21,3041 21,3235 21,3432 21,3657 21,3746 21,3096 21,1537 20,9857 20,8525 20,7606 20,7078 20,6898 20,7006 20,7311 20,8017 20,9344 21,1176 21,342 21,6008 21,8905 22,2176 22,5881 23,0044 23,4638 23,9503 24,4513
11,6465 11,8324 12,0174 12,1859 12,3054 12,3762 12,4005 12,404 12,423 12,4375 12,4808 12,5933 12,7972 13,0917 13,4728 13,9572 14,5671 15,3086 16,1383 16,9906 17,8025 18,5047 19,0513 19,4506 19,7473 19,9733 20,1526 20,3016 20,4322 20,544 20,6477 20,7536 20,8682 20,9875 21,1005 21,199 21,2824 21,3569 21,4347 21,5267 21,6421 21,8678 21,9864 21,5816 21,3811 21,2187 21,0967 21,0111 20,954 20,9196 20,9131 20,9697 21,1092 21,325 21,6094 21,9493 22,3283 22,7474 23,2059 23,6973 24,2071 24,7175 25,214
11,5568 11,7419 11,9388 12,1348 12,2891 12,3912 12,4406 12,4531 12,4874 12,5245 12,5968 12,7358 12,9616 13,2731 13,6741 14,1706 14,7643 15,4447 16,1821 16,9316 17,6451 18,2783 18,7979 19,208 19,53 19,7806 19,9784 20,1384 20,2707 20,3952 20,5221 20,6441 20,7663 20,8928 21,0163 21,1339 21,2452 21,3534 21,4719 21,6096 21,775 22,0624 22,2352 21,8146 21,6176 21,4494 21,3129 21,2053 21,1235 21,0616 21,034 21,0724 21,2203 21,4916 21,8491 22,2645 22,7258 23,2267 23,7663 24,3346 24,9122 25,469 25,9667
11,5191 11,7053 11,9247 12,1587 12,3564 12,4913 12,5598 12,5746 12,5951 12,6354 12,7189 12,8769 13,127 13,4575 13,872 14,3732 14,9479 15,576 16,2378 16,9009 17,532 18,1022 18,5865 18,9859 19,3114 19,5708 19,7769 19,9403 20,0769 20,2114 20,352 20,4913 20,6232 20,7511 20,8824 21,0148 21,1456 21,2765 21,4187 21,5765 21,7453 21,8869 21,9263 21,8382 21,6985 21,557 21,4301 21,3239 21,2406 21,1762 21,1468 21,0968 21,1431 21,66 22,0872 22,563 23,0884 23,6556 24,2616 24,9017 25,5567 26,1797 26,6978
11,5372 11,7241 11,9847 12,2763 12,5277 12,6962 12,7751 12,7798 12,7581 12,7755 12,8473 13,0132 13,2857 13,6431 14,0749 14,5764 15,1289 15,7119 16,3094 16,9009 17,4644 17,9754 18,4199 18,8004 19,1171 19,3729 19,5761 19,7316 19,8658 19,9965 20,1335 20,2779 20,4231 20,5655 20,706 20,8493 20,9945 21,1436 21,3 21,4643 21,6235 21,7445 21,791 21,7585 21,6765 21,5768 21,481 21,4002 21,3318 21,2923 21,2929 21,3045 21,4212 21,8787 22,3313 22,8405 23,405 24,0228 24,687 25,3935 26,1296 26,8418 27,4036
11,6264 11,8021 12,1481 12,5286 12,8423 13,0406 13,1166 13,0887 13,0002 12,9541 12,9836 13,1414 13,4352 13,8259 14,2821 14,7879 15,3212 15,8646 16,4055 16,9374 17,4411 17,8985 18,3015 18,6517 18,948 19,1869 19,37 19,5148 19,6377 19,7557 19,8814 20,0203 20,1762 20,3398 20,5031 20,663 20,8225 20,9855 21,1512 21,3183 21,469 21,5791 21,635 21,6376 21,6014 21,5486 21,4945 21,4458 21,4111 21,4145 21,4656 21,5802 21,7898 22,1318 22,5754 23,0928 23,6755 24,3214 25,024 25,7791 26,5797 27,4053 28,3541
11,8023 11,7054 12,4947 12,9769 13,3441 13,558 13,6126 13,524 13,3444 13,1771 13,1215 13,2608 13,589 14,0246 14,5089 15,0161 15,5299 16,0383 16,5332 17,0101 17,4564 17,8595 18,2169 18,5281 18,7923 19,0052 19,1679 19,2955 19,3973 19,4919 19,5954 19,7242 19,8861 20,0738 20,2686 20,4589 20,6426 20,8175 20,9895 21,1546 21,2931 21,3971 21,4634 21,495 21,5021 21,4942 21,4809 21,4673 21,4793 21,5301 21,631 21,7871 22,0219 22,3622 22,7974 23,3122 23,8968 24,5468 25,2593 26,0239 26,8259 27,6399 28,567
12,4203 12,5913 13,162 13,6674 14,0569 14,2688 14,2845 14,1172 13,8175 13,4684 13,2483 13,3673 13,7756 14,2713 14,7737 15,2686 15,7526 16,2232 16,6731 17,0977 17,49 17,8432 18,1578 18,4296 18,6555 18,8374 18,9792 19,0821 19,1545 19,211 19,2789 19,3901 19,562 19,7791 20,0128 20,2397 20,4512 20,6474 20,8251 20,9755 21,1013 21,2031 21,2852 21,3475 21,3921 21,4235 21,4452 21,4753 21,5333 21,6282 21,7682 21,9532 22,2083 22,5525 22,9833 23,4897 24,0641 24,7004 25,3932 26,1261 26,8658 27,5499 28,0864
13,2403 13,5929 14,0774 14,5807 14,98 15,183 15,1458 14,8923 14,4682 13,9288 12,8108 13,2104 14,0823 14,6092 15,0985 15,5616 16,004 16,4264 16,8249 17,1936 17,5326 17,8389 18,1126 18,3488 18,5423 18,6951 18,8103 18,8861 18,9228 18,9302 18,9414 19,0198 19,2179 19,4816 19,7552 20,0182 20,2575 20,4697 20,645 20,7859 20,9025 21,0093 21,1104 21,201 21,2782 21,3422 21,3997 21,474 21,5737 21,7076 21,8759 22,0866 22,3582 22,705 23,1279 23,6218 24,1782 24,7891 25,442 26,1136 26,7672 27,3513 27,8244
14,0861 14,5545 15,1006 15,657 16,0984 16,3037 16,2091 15,8615 15,3437 14,7384 13,9239 14,0766 14,6449 15,086 15,5076 15,9087 16,2925 16,6563 16,9967 17,3051 17,5858 17,8465 18,078 18,276 18,4415 18,5718 18,6611 18,7127 18,7212 18,6851 18,6162 18,4867 18,8948 19,2206 19,5278 19,8122 20,0696 20,2829 20,4503 20,5834 20,7016 20,8221 20,945 21,0623 21,1679 21,2597 21,3573 21,4702 21,6055 21,77 21,961 22,1931 22,4771 22,8244 23,236 23,7087 24,2363 24,8097 25,4085 26,0149 26,594 27,1159 27,5551
14,9074 15,4963 16,1486 16,8235 17,3809 17,6207 17,446 16,9764 16,3801 15,7875 15,3483 15,2396 15,4021 15,6799 15,99 16,3031 16,6134 16,9117 17,1896 17,442 17,6684 17,8767 18,0611 18,222 18,358 18,4644 18,5315 18,5608 18,5537 18,5097 18,4335 18,2873 18,7118 19,0436 19,3564 19,6401 19,8893 20,099 20,2631 20,386 20,4922 20,6303 20,7937 20,9448 21,0724 21,1945 21,3243 21,4676 21,6314 21,8172 22,0256 22,27 22,5583 22,8999 23,2955 23,7439 24,2399 24,7716 25,322 25,8686 26,3887 26,8638 27,2734
